	1111	1112	1113	1114	1115	1116	1117	1118	1119	1123	1124	1125	1131	1136	1138	1139	1140	1141	1142	1143	1145	1146	1147	1149	1150	1151	1152	1153	1154	1155	1156	1157	1158	1159	1182	1183	1184	1185	1186	1187	1188	2106	50339	50475	50497	50522	50533	50782	52539	52868	53861	56291	56542	57272	57410	57432	57476	58082	58151	58402	58559	60297	60800	64175	67630	67641	67663	68882	69238	69727	71238	71432	71556	75832	75887	76380	76744	76755	78831	78933	79016	83670	91849	96140	96377	99661	103902	107835	108883	109660	110543	117895	142825	151677	151837	154938	298464	305033	406906	430900	439145	487547	525666	589344	604751	611596	1088115	1422077	1622624	2095172	2095207	4205907	5588330	5630535	5638766	6304274	7120016	10457906	10538326	13838169	14759069	15687271	18453071	22316478	22316558	24219974	26675467	28911015	28981977	29122687	30516871	36507309	43170963	51481619	57808669	59467708	59468858	59468905	61337675	61887921	66357355	69014148	69655056	71351650	71351796	78755814	83903064	84379135	86181422	91374219	101246666	104076382	106243167	106266062	128246106	129618402	145459263	150378179	174635699
1111	1.0	0.05191182641751622	0.0699623229829804	0.05247549437715695	0.054599432062645184	0.05334516133303321	0.06118822437656721	0.04972375690607734	0.04947890316705453	0.050959490510014575	0.07418872758326213	0.07418872758326213	0.04732410722926545	0.05355361755453824	0.06216351571303366	0.04803663184239964	0.04813478946681	0.05648525609504624	0.04849593239578734	0.05657388922802789	0.044027184916755856	0.04855543790651942	0.05099773268209044	0.06359920144500428	0.04865992970123021	0.05265353269588654	0.05457518566464535	0.057565368674205586	0.04864457200318429	0.050400117465677984	0.05293111047732635	0.05072318200080353	0.0491390172196556	0.05210034139824847	0.057343765474893525	0.0697316885683956	0.043165881135762724	0.04521000183407714	0.05653191769981533	0.04663336472015192	0.05240261285801178	0.06019007391763463	0.05533466861977219	0.05636743215031313	0.05965405085748077	0.053622130283118345	0.05447807814629711	0.05784727551803529	0.04714784633294527	0.047642694989460006	0.04830447185503634	0.04946996466431095	0.05353955978584175	0.04928131416837781	0.057343765474893525	0.049761254744993946	0.05099773268209044	0.05712530712530712	0.060560409761976484	0.058198204467951827	0.05710886377156453	0.07033639143730885	0.06255817045605636	0.06615532118887822	0.09713487071977635	0.11090313523631258	0.08604610241069856	0.04948231374726458	0.04809093558729231	0.06381836083181669	0.05926035942373383	0.9999999999999999	0.08932086614173226	0.08204193254329989	0.06847211558595656	0.07347888728804165	0.04894710453747806	0.047095980770305766	0.07347888728804165	0.07336191879941041	0.06382978723404253	0.057976030017121385	0.05793912079012691	0.082299340829779	0.07727885912507225	0.05570171000708287	0.07097634121959345	0.08204193254329989	0.7499999999999997	0.082299340829779	0.0702098224579202	0.05293111047732635	0.06756348246674727	0.07122696330732192	0.050577477252615084	0.04678969100408992	0.0685890997515462	0.054229837624472935	0.05926035942373383	0.07465718638902995	0.051999999999999984	0.04921198826923534	0.05231417859668316	0.0702098224579202	0.05264723378941106	0.057976030017121385	0.053446813168769314	0.048673994151457074	0.047363765513174484	0.054424759932483205	0.05532421177870315	0.05630870381966185	0.049109689511857194	0.045449012338847995	0.07501463224296022	0.07833505687693895	0.07622720392128593	0.047642694989460006	0.053575770675168194	0.06615532118887822	0.046107526168239786	0.07550860719874802	0.06995314276208169	0.05210034139824847	0.051999999999999984	0.06237188872620787	0.06615532118887822	0.059686241509887585	0.060678167757287335	0.04907792980368827	0.04689864999159112	0.05744004240095402	0.06554583375724893	0.056256744709801514	0.05073769872535156	0.05900621118012421	0.054599432062645184	0.05235562879185078	0.0615244104948522	0.0685890997515462	0.04603280883829928	0.05537185113930137	0.04986543288276027	0.04603244191144233	0.04603244191144233	0.04900916049937919	0.04996679946879149	0.04864974501622622	0.046565814045126684	0.051999999999999984	0.050810501277420476	0.050174126144718174	0.05793912079012691	0.046996681234186564	0.050932090545938745	0.059923251008560455	0.04920155373327578	0.048281861678990845	0.0652782312607864
1112	0.05191182641751622	1.0	0.06314566115702475	0.05283280740575858	0.0574361820199778	0.0513934689698687	0.05609824169690202	0.043033849344492996	0.043200827800293176	0.05108786061375475	0.06594882427783799	0.06594882427783799	0.05200168146188272	0.04484081975109149	0.058999525668624785	0.0492342028748106	0.048934278803415256	0.05487671989190288	0.05435370470524607	0.06263756608314645	0.04745617785378365	0.054132761119161744	0.05206324720401079	0.05778700881042509	0.04722165160230074	0.05046441460095839	0.04343437256655033	0.04579582073685258	0.05272795264929266	0.05678639542275903	0.053520359526079246	0.05107451855986602	0.04872513419640037	0.055866554491327956	0.05377668308702789	0.060110730292644333	0.04448323642884312	0.045642796861813516	0.04827757371190308	0.04300848574289779	0.05089507223816704	0.06491853360488795	0.047052460789616	0.0595251490941825	0.05798760775862067	0.05435370470524607	0.05435370470524607	0.06075800029494175	0.04884457041189977	0.05273120605732828	0.04602139871040883	0.04631545440076394	0.05447807814629711	0.04764995609178724	0.05095288033848044	0.051233396584440205	0.04538562953197097	0.04728888548390186	0.046094930590101446	0.05555555555555554	0.04934943020564991	0.08768724881256848	0.04896011910132634	0.10368531602062248	0.06843065693430656	0.07167425862229243	0.19646444355162718	0.05431629488846651	0.052418839059581966	0.0647823033707865	0.08906741180579808	0.9999999999999999	0.14229713837710697	0.07911259941398073	0.11993984208547433	0.07762427811119917	0.05200168146188272	0.050756901157613526	0.07762427811119917	0.07911259941398073	0.08588818755635708	0.048066595059076254	0.052745469299431975	0.0936297563061137	0.09313913376772708	0.07140462621521955	0.06408515051984291	0.08972911963882618	0.7499999999999999	0.11464199517296861	0.09313913376772708	0.054301569958019415	0.09554000874508088	0.11464199517296861	0.04740522775909506	0.05110870740941048	0.058999525668624785	0.06101264849486756	0.07551616856792681	0.14229713837710697	0.0511401684700243	0.052837573385518574	0.05385427666314675	0.09313913376772708	0.05191182641751622	0.048066595059076254	0.05662885080932263	0.04631545440076394	0.04413381498350871	0.05899860603548957	0.05705023227833293	0.06601738896003234	0.04883131001993114	0.04951286898356841	0.0949550128534704	0.0743310208126858	0.07061471765228992	0.05354245538128715	0.057738701549348605	0.07911259941398073	0.045825593899696926	0.0687869822485207	0.07786196729180236	0.04728888548390186	0.04875925119721375	0.060715783054465046	0.07911259941398073	0.0544091122125804	0.05447807814629711	0.05105733749645188	0.04283737628082072	0.049926269222666936	0.06155299224307704	0.06446036058285995	0.05176669806933231	0.05632714832973371	0.0496228448275862	0.05282658217904742	0.05879541108986615	0.07061471765228992	0.04642081011748173	0.060681629260182855	0.04764132693916845	0.05241059794411465	0.05241059794411465	0.0470171490854114	0.05381447616388636	0.04675331463316896	0.05777893117318848	0.05431629488846651	0.0443763756984315	0.050520175664048074	0.057738701549348605	0.047318292353417966	0.04193945638924841	0.05191006222266292	0.05276128598633359	0.04767793230169027	0.06872834462429536
1113	0.0699623229829804	0.06314566115702475	1.0	0.05218028266115132	0.05573937388648511	0.05484736665548473	0.0661764705882353	0.047992021600058374	0.05452186852179221	0.0535763474428427	0.09677419354838711	0.09677419354838711	0.048570595099183184	0.05275958840037418	0.05994538598240213	0.04969250219641286	0.048570595099183184	0.05882462270463162	0.051676817314478395	0.06203995793901155	0.04630411190160375	0.05227854698724194	0.054831124412141934	0.08241371213899974	0.0504774349180822	0.056429122411440095	0.056783767413688666	0.05921052631578946	0.04989356040447045	0.05062602068590091	0.05462028753537026	0.05928270388166416	0.05255344418052255	0.0580331286922275	0.070141065830721	0.06995210486513737	0.04608598072979142	0.04923970220471987	0.05665389371479167	0.049238503622652655	0.05182441621574698	0.06350585223116312	0.05837494015457218	0.059251443802754315	0.06005608350210311	0.05837494015457218	0.05837494015457218	0.06532004197271772	0.04816977318661575	0.04843971050754714	0.05108832960839567	0.051987316569574504	0.05543558736426454	0.0515233631170353	0.06402439024390243	0.05392480211081793	0.053628601921024525	0.05921397379912662	0.05917667238421954	0.061836583559614904	0.060017949293246574	0.06989924433249368	0.06387343849731009	0.07675530576293933	0.08312872676253945	0.08739954075774968	0.10135135135135133	0.04989356040447045	0.05248735244519391	0.06902408894379246	0.06802406293382693	0.9999999999999998	0.1038781163434903	0.07675530576293933	0.07967463739709915	0.08423724901915532	0.05392480211081793	0.055378739656269875	0.0719475342377676	0.07675530576293933	0.07499999999999998	0.06042279309770848	0.05688584002070929	0.08312872676253945	0.08872408863473909	0.06040732929079883	0.07887453874538743	0.07675530576293933	0.7499999999999997	0.08312872676253945	0.07421190893169875	0.0580331286922275	0.0719475342377676	0.08312872676253945	0.05282745923198316	0.04737163123771657	0.07098218449771472	0.05547593246408221	0.06802406293382693	0.08739954075774968	0.05760912308297285	0.05267619278275611	0.055134074558534966	0.07421190893169875	0.060017949293246574	0.06042279309770848	0.06162952646239554	0.04984177215189873	0.0515409967487641	0.060902962846841165	0.06118822437656721	0.06664204305614181	0.05303144275613058	0.04930795847750865	0.07780774111675125	0.0713491887086019	0.10344827586206895	0.04843971050754714	0.05917667238421954	0.07675530576293933	0.04988255655828903	0.0761327442720641	0.08605748135146993	0.05573937388648511	0.055343965722447014	0.06228373702422145	0.07675530576293933	0.06272241992882562	0.06357147621906475	0.0520704089006449	0.04734869989780854	0.061449773089660244	0.06618771018037295	0.06692258133791472	0.05403309203722853	0.06447011505004208	0.06042279309770848	0.057839003508320164	0.061449773089660244	0.08282006159260888	0.04692387904066735	0.0770301401420618	0.05588402354642155	0.056994818652849735	0.056994818652849735	0.0515409967487641	0.06013813909177518	0.05087088141095949	0.056783767413688666	0.054232804232804216	0.05376397763578272	0.058750079028892954	0.0639450867052023	0.04964188688565077	0.04964188688565077	0.06208053691275167	0.058338826631509556	0.047629218282785137	0.06937939110070256
1114	0.05247549437715695	0.05283280740575858	0.05218028266115132	1.0	0.05701366203755855	0.05796418473138549	0.05335402243972308	0.05103909263835309	0.05426217765042977	0.046018276762402076	0.05386673543728441	0.05386673543728441	0.061333559552086865	0.050658978583196054	0.07136741682974558	0.058711647229591074	0.05825494535897081	0.061437403400309114	0.05662885080932263	0.061808731808731796	0.05075578976563581	0.047341613796800984	0.04892555640828856	0.05174010495658125	0.05060932471078252	0.05153581260422113	0.04968168264968974	0.04878721058434399	0.060702096538274006	0.06563340186620276	0.059958249574764165	0.05624554314238173	0.055851063829787224	0.05510921961176008	0.05193905817174515	0.051522375121898355	0.05162244649577769	0.047491627248558495	0.05187917915609867	0.04534481187938414	0.06563340186620276	0.06422651933701656	0.051891647628850436	0.06128808864265927	0.06586936041034229	0.058553386911595846	0.058553386911595846	0.08055975794251131	0.06418383518225038	0.06351183063511828	0.05467219080678572	0.05154299950642818	0.060284726697521815	0.05498160203792808	0.050900277008310235	0.05162412993039443	0.05916799888788491	0.050470923101844346	0.05456417295813315	0.06023259850720359	0.05053543058806407	0.13222849083215793	0.054943391657080565	0.1125576991359924	0.22908366533864535	0.49999999999999994	0.12817551963048496	0.060702096538274006	0.05575801749271135	0.0807877813504823	0.09602244119974104	0.9999999999999998	0.15466926070038908	0.16280792739396183	0.12988826815642457	0.1161960743151044	0.05162412993039443	0.0497284014485256	0.1161960743151044	0.16280792739396183	0.09502262443438912	0.04955781745369597	0.06334015195791934	0.12504168056018672	0.13361141011840688	0.10084856396866836	0.08287292817679556	0.13258232235701903	0.7499999999999997	0.12504168056018672	0.13361141011840688	0.05701366203755855	0.1333835719668425	0.10292350820985181	0.05162412993039443	0.05377668308702789	0.06192097212048089	0.07954034794889898	0.09602244119974104	0.09502262443438912	0.05396246089676745	0.05812656816281014	0.061437403400309114	0.13361141011840688	0.05053543058806407	0.04955781745369597	0.05505540166204987	0.056339097299184744	0.04780876494023903	0.05626646593902897	0.05636743215031313	0.055163931967483565	0.054189544043924565	0.06162952646239554	0.07110126543865504	0.07637075718015665	0.056053569499945985	0.06249568399972377	0.057451253481894136	0.13258232235701903	0.053371859776482934	0.1413132855632562	0.06338028169014083	0.053236690827293175	0.053026329591943755	0.06402439024390243	0.13258232235701903	0.053606584272120755	0.0544191431879583	0.0583218754894965	0.04354771080007187	0.05601138249940716	0.05696202531645569	0.05329218106995883	0.05380966498665874	0.05527450158654134	0.04955781745369597	0.05279999999999999	0.060284983558640835	0.060432452411753816	0.051748046054290266	0.05209431972276629	0.049752475247524755	0.04931909135404371	0.04931909135404371	0.05271711172426692	0.05254388816644992	0.05920398009950247	0.04780876494023903	0.060702096538274006	0.059602649006622495	0.05572065378900444	0.0555239179954442	0.05100142495250158	0.05222546344217558	0.05428309665597799	0.05153581260422113	0.05839100346020759	0.06192097212048089
1115	0.054599432062645184	0.0574361820199778	0.05573937388648511	0.05701366203755855	1.0	0.059046676562757694	0.05687606112054329	0.046918144443762626	0.04510688836104512	0.048579710144927526	0.06004560425639726	0.06004560425639726	0.05254496297167036	0.04875112849834487	0.06205387072603225	0.047452011180423144	0.05109316989804937	0.05968597844521033	0.052739832350201785	0.06547646226199715	0.04878048780487803	0.05135213936875863	0.05075784279168135	0.052364522021514086	0.045940033457727444	0.047688311688311676	0.0446362968405584	0.04761904761904761	0.05417695205924387	0.05932018738424664	0.05777777777777779	0.05347166799680764	0.051898293277603605	0.05629629629629628	0.05510921961176008	0.06432748538011694	0.0474417019619298	0.046673412598026785	0.051091175913652705	0.04272035354775349	0.05045550105115627	0.06960936155567028	0.04884457041189977	0.06097333581950399	0.060796645702306064	0.055866554491327956	0.055866554491327956	0.05660377358490564	0.04962962962962963	0.0574361820199778	0.047527113735733345	0.04975378007245591	0.05543774613753408	0.04970050186174517	0.052309782608695655	0.04601518026565463	0.04867216532221517	0.050370370370370364	0.050423011844331636	0.05675909878682842	0.05044416243654821	0.06562847608453837	0.052364522021514086	0.06812776078831123	0.057692307692307675	0.05882352941176469	0.7499999999999996	0.05873821609862216	0.05628318584070796	0.05994654448262694	0.0678619702631788	1.0	0.21212121212121202	0.061323618700667874	0.20933363248822068	0.09276475343573157	0.04674038891066723	0.04491134636617523	0.06287348471913949	0.05555555555555554	0.10320284697508895	0.0511111111111111	0.056062581486310305	0.057692307692307675	0.09026548672566372	0.05994654448262694	0.062332853322361645	0.061323618700667874	0.19021134593993325	0.0658464979728785	0.07200000000000001	0.05777777777777779	0.07509406354515048	0.21265243902439024	0.04674038891066723	0.051180454310304276	0.06724285307246648	0.06636005256241788	0.07931233747471828	0.21212121212121202	0.05417695205924387	0.04943950390132542	0.04943950390132542	0.06526829268292682	0.05210034139824847	0.0511111111111111	0.057981388690050095	0.04905816601117781	0.04734029015016544	0.061016949152542334	0.05712530712530712	0.06353016482637222	0.04992730637060533	0.0492204147696177	0.08070422535211265	0.07287933094384705	0.06047032474804029	0.05665067145372319	0.05933448297885929	0.11988304093567245	0.04758750138014794	0.05919999999999999	0.0711382660888757	0.052592592592592594	0.05493630573248406	0.06869050681759711	0.11988304093567245	0.057691250068745537	0.057976030017121385	0.04632629745472252	0.04174573055028462	0.05528040786598687	0.06498795180722888	0.05476481149012565	0.05629120414717982	0.061016949152542334	0.05333333333333332	0.056108498304713976	0.06611927398444252	0.06724285307246648	0.04317132772196578	0.052658850961849864	0.04860913226754182	0.04602630543164524	0.04602630543164524	0.04803959905008059	0.04652608425381341	0.047813383600377	0.04947688011086544	0.05341781139907691	0.049002374564406204	0.05291654329343089	0.06184698348500168	0.04919714017815283	0.046707541996909414	0.05828571428571427	0.04603124999999999	0.048668135389545356	0.06542617046818724
1116	0.05334516133303321	0.0513934689698687	0.05484736665548473	0.05796418473138549	0.059046676562757694	1.0	0.05600434757064802	0.04753268344290789	0.047197833603508196	0.04559748427672955	0.0594059405940594	0.0594059405940594	0.05372700871248787	0.04923052763819094	0.059932470455824415	0.04885993485342018	0.04961568356507469	0.057688606620477284	0.04914055858508365	0.059096700643776805	0.05198628364389232	0.046868155935173	0.04818840579710144	0.05627171673109608	0.04395890232800102	0.04444104067744688	0.0448943661971831	0.04709418837675349	0.055676855895196484	0.05950019833399442	0.05609565314560283	0.05254515599343185	0.05216284987277351	0.050404184498335704	0.05402644876894956	0.057688606620477284	0.04707898583597963	0.04788170402534911	0.05153933865450397	0.04477510838150288	0.05229571409212421	0.0629662787227693	0.053676265026558555	0.055954088952654225	0.05882352941176469	0.053676265026558555	0.052150389499787085	0.05896185709354503	0.048997772828507785	0.05680163122633262	0.04954092722966613	0.05007241878750257	0.05417796539095915	0.048828125	0.056946995123804675	0.047567332754126834	0.049426934097421195	0.05323193916349808	0.05472636815920397	0.054711246200607896	0.055020205160087016	0.07405913978494622	0.05839181533778641	0.07264296754250386	0.062317852049358205	0.07836644591611477	0.18154761904761907	0.05492809875286333	0.05256486728303012	0.063296054675365	0.06992489980154867	0.9999999999999998	0.13178294573643412	0.0646721063765488	0.20393668831168826	0.08890495121069747	0.04824976348155156	0.04624036659029369	0.0652091971353185	0.08273667462211612	0.07836644591611477	0.05323193916349808	0.05636363636363635	0.062317852049358205	0.0992844364937388	0.063296054675365	0.07395092868608115	0.0646721063765488	0.18154761904761907	0.07231014955713662	0.07638279192273922	0.055374592833876225	0.07930835129027171	0.13894266567386446	0.0489325310143016	0.04914055858508365	0.0693502515860862	0.06616987511212308	0.0919037199124726	0.20482866043613696	0.05492809875286333	0.05142224128073184	0.04850557244174264	0.06849912739965094	0.051702456375678156	0.05323193916349808	0.05796418473138549	0.04815595050885677	0.04795465451055661	0.05444226457399102	0.05252037428312708	0.05658056580565804	0.048158470436632794	0.05045441768949686	0.0722882005977729	0.07356321839080457	0.059932470455824415	0.05680163122633262	0.05392156862745097	0.1151832460732984	0.04563758389261743	0.06797853309481214	0.06900604432505034	0.05323193916349808	0.05418454935622316	0.06538391391573957	0.1151832460732984	0.05472636815920397	0.055020205160087016	0.04848295905950501	0.0432044778730103	0.05524987883798501	0.06179830127892216	0.05185862865947611	0.054276315789473666	0.058069029850746245	0.053943402168533765	0.053539477909804095	0.06311455122291472	0.0652132661451854	0.04157487292464091	0.04979253112033195	0.049714245561437206	0.044765744473793966	0.044765744473793966	0.04988532110091743	0.04785698423273373	0.04906650208301185	0.04733009708737862	0.055676855895196484	0.04957194145263738	0.05193905817174514	0.05892448512585811	0.05235602094240834	0.04719764011799409	0.06001752336448597	0.047329867461954986	0.04903132201075358	0.0693502515860862
1117	0.06118822437656721	0.05609824169690202	0.0661764705882353	0.05335402243972308	0.05687606112054329	0.05600434757064802	1.0	0.06398036796507449	0.053254437869822466	0.06208562227694636	0.07056978567694722	0.07056978567694722	0.055039138943248515	0.061638334894927045	0.06620537820412012	0.054289180886490936	0.05617298864460014	0.06375579598145284	0.05953604066403502	0.0703758290346352	0.06702459300311739	0.06123439218477065	0.06173039533376537	0.06387343849731009	0.05787896944278007	0.0627990957399959	0.061638334894927045	0.06248204538925594	0.05760912308297285	0.05783017364983272	0.05921397379912662	0.057927582797825	0.05921052631578946	0.05687606112054329	0.06889597881049844	0.06746724890829693	0.0570641031482072	0.05177935378859141	0.06162212016985951	0.05344394929260586	0.056626791826222496	0.06886434242319639	0.06191756453536557	0.06162952646239554	0.06128834355828219	0.057229748410284755	0.05609824169690202	0.07329255072014865	0.052426116118214204	0.05609824169690202	0.057839003508320164	0.051987316569574504	0.06118822437656721	0.057192374350086644	0.06402439024390243	0.05174500706072221	0.053628601921024525	0.0580331286922275	0.06034157743930026	0.059481896008598	0.05656907815146382	0.07496288965858484	0.06508961613816124	0.0847997004867091	0.09553620032661946	0.1038781163434903	0.07894736842105261	0.055343965722447014	0.05361596009975061	0.07868989936638092	0.07732603131138756	0.9999999999999998	0.07499999999999998	0.07675530576293933	0.07967463739709915	0.0719475342377676	0.05174500706072221	0.04984177215189873	0.07775287195292797	0.09431565576373449	0.08739954075774968	0.05921397379912662	0.05688584002070929	0.08312872676253945	0.08097686375321336	0.06319290465631927	0.07376142730757886	0.07675530576293933	0.23062953995157384	0.08312872676253945	0.07421190893169875	0.05462028753537026	0.0719475342377676	0.07317073170731705	0.05392480211081793	0.053869284012254603	0.07423053711526853	0.05815188528943174	0.08259015122140363	0.07499999999999998	0.05760912308297285	0.06005608350210311	0.06128834355828219	0.07421190893169875	0.060017949293246574	0.05921397379912662	0.06402439024390243	0.056570049748279644	0.055370697722782546	0.06208053691275167	0.060017949293246574	0.060656281073914464	0.05539100346020761	0.05709342560553632	0.07780774111675125	0.06956678051411107	0.06937939110070256	0.05609824169690202	0.05917667238421954	0.07675530576293933	0.05227854698724194	0.08045341443184957	0.08152173913043476	0.0580331286922275	0.061152330164618574	0.06358131487889274	0.07675530576293933	0.0639450867052023	0.06357147621906475	0.05656907815146382	0.053297199638663036	0.06630944407233758	0.07124596340150698	0.05741989881956154	0.055370697722782546	0.06326889279437609	0.06042279309770848	0.060316199826739816	0.061449773089660244	0.07926774280818825	0.05315592404386198	0.05646871686108164	0.0574139065584558	0.05545196290687925	0.05545196290687925	0.05403309203722853	0.056085450346420304	0.053254437869822466	0.055370697722782546	0.05876769071453225	0.05376397763578272	0.058750079028892954	0.05917667238421954	0.06598590001521579	0.061081571780573184	0.06326889279437609	0.056429122411440095	0.05579836829836831	0.0810167979782964
1118	0.04972375690607734	0.043033849344492996	0.047992021600058374	0.05103909263835309	0.046918144443762626	0.04753268344290789	0.06398036796507449	1.0	0.045055256446585416	0.0367780863901925	0.04997103128621088	0.04997103128621088	0.045610445008070086	0.050162475944095675	0.058923498992449426	0.043801858127848536	0.04962053814590216	0.06836929673300085	0.04882657120127288	0.06588292224705028	0.03683204186374156	0.038920218175094744	0.040433564064881626	0.04864497108515705	0.03819911145768137	0.038259046346324446	0.041613136734467635	0.041076914880392106	0.04837678831877549	0.05304309451628993	0.046918144443762626	0.04124113556560254	0.042212099625522	0.046918144443762626	0.05103909263835309	0.053529049837391214	0.03491743003943874	0.03940346299810244	0.04525197120329103	0.03771396617962284	0.05000170858392563	0.05932947373416219	0.05130412004640195	0.05419362617047782	0.05734571272528673	0.0456976694825317	0.04882657120127288	0.08281946684375294	0.04507016912558474	0.05130412004640195	0.051473330846698986	0.041068162555203624	0.04850770269835653	0.04572193112933243	0.05600395499048868	0.04167406584215982	0.04348790154937776	0.052837573385518574	0.05335506270814141	0.05060721660308682	0.0540088629929014	0.09617063739553447	0.06118631991449945	0.17005126182965288	0.16812545587162647	0.16219495752999868	0.13460597161037685	0.050736436977277775	0.04346555240379185	0.0949589683470105	0.11897932944318067	0.9999999999999999	0.16219495752999868	0.08872866391995288	0.1120629125122876	0.09456607755209705	0.04167406584215982	0.03866497054097481	0.16446626952181606	0.17005126182965288	0.07119685845996243	0.052837573385518574	0.04927604315219033	0.07839834836466368	0.056352514480593294	0.05486044273339749	0.08942443721923006	0.061014625228519186	0.7499999999999997	0.07839834836466368	0.056352514480593294	0.04507016912558474	0.052887495967184395	0.07839834836466368	0.04393264444996014	0.044767661503588956	0.06500127453479479	0.05699940280020349	0.07187883521142471	0.07119685845996243	0.05702170117236219	0.062106561100655426	0.05734571272528673	0.056352514480593294	0.057651118514992834	0.052837573385518574	0.06286009348842264	0.04453794520355177	0.04272668209392132	0.05016808895784845	0.04850770269835653	0.0492743310109719	0.04006836308393466	0.04537785407472351	0.0778387209709417	0.0754949597505258	0.05013880233414536	0.05001669859907541	0.04503298594511903	0.08872866391995288	0.03715341472619872	0.09729558419607012	0.06324621303539232	0.05438736076380995	0.05517629106095893	0.061160167096080235	0.08872866391995288	0.05680844319742665	0.057651118514992834	0.0540088629929014	0.035840224545446456	0.05477071535174697	0.06037015276145707	0.0455342488812827	0.04108520412585595	0.05851095948312296	0.05613367278839259	0.052864472475522575	0.05879584970472674	0.06176793557833089	0.037036869609243614	0.04129136727051916	0.04258815795651968	0.036901978574170345	0.036901978574170345	0.04691498436167189	0.0364325908076507	0.04435757144982394	0.037726792742632236	0.04951114587407118	0.041635087283344696	0.04100492880613362	0.04410987332850401	0.03898695042599846	0.04532668970505501	0.0564810052992867	0.0368823278112688	0.040406186267845	0.07310110450297365
1119	0.04947890316705453	0.043200827800293176	0.05452186852179221	0.05426217765042977	0.04510688836104512	0.047197833603508196	0.053254437869822466	0.045055256446585416	1.0	0.03890721649484535	0.05687203791469193	0.05687203791469193	0.04694305533150507	0.048477315102548164	0.0632721496646664	0.045310138755323526	0.04895017627055187	0.05767019488751951	0.04675331463316896	0.05508669230466338	0.039522876980594625	0.040199945282932824	0.042243469871875335	0.054672353625436196	0.041745606585222444	0.042133333333333314	0.04408095370113666	0.044197467045748264	0.04875238397965668	0.04937588081336821	0.047125506072874475	0.04555064877491515	0.044703292370375215	0.047813383600377	0.052138577036986	0.04753427096314757	0.039879889094675	0.04035012809564473	0.0480397570403092	0.03966022611712626	0.05353211682403011	0.05621471238032893	0.05137346580946812	0.053179260693326874	0.059090264985121134	0.05137346580946812	0.05137346580946812	0.08433734939759033	0.04921875	0.04675331463316896	0.050015166717222385	0.045829787234042525	0.05209415431107752	0.04781442322865708	0.05539500997191581	0.04694305533150507	0.04972515499571212	0.05562949640287768	0.055472263868065974	0.057241379310344793	0.056049660029140344	0.08317829105595134	0.05846887268648346	0.07462609056917321	0.19295982307408777	0.49999999999999994	0.050847457627118633	0.04590261873942049	0.04512195121951218	0.07910978118571159	0.06339969372128634	0.13792118789263272	0.06981724728726438	0.1346347353592272	0.06071859623061923	0.08107722998005128	0.04628907755969259	0.04466623036649213	0.09314272950636583	0.10556577736890518	0.049180327868852444	0.054707337180544116	0.053523958154236786	0.0956454121306376	0.0689032258064516	0.06108448040810939	0.07729703451628582	0.08730650154798757	0.16411718952553792	0.07700709994538502	0.061535545023696674	0.04921875	0.05863833136560407	0.055395268320830915	0.04895017627055187	0.043200827800293176	0.06812050359712228	0.05221319512536769	0.06339969372128634	0.057824125607827036	0.05263157894736839	0.05387576271396214	0.05055460750853242	0.0689032258064516	0.05032722791211592	0.054707337180544116	0.05426217765042977	0.04819616685456594	0.04456880183871289	0.04971428571428569	0.05209415431107752	0.046435760394252776	0.04500341674530602	0.047582316926191956	0.06794577685088633	0.07664233576642335	0.06116379737633412	0.04675331463316896	0.04923861947044879	0.07462609056917321	0.04308292937795708	0.10895999999999999	0.0704664806310562	0.051428571428571414	0.05102052710720487	0.06205391171782966	0.07462609056917321	0.050879103780924216	0.051197745420385146	0.04947890316705453	0.037998146431881354	0.057128692659881575	0.05679999999999998	0.04799999999999998	0.043593190640907505	0.05343396226415091	0.051428571428571414	0.047398030942334725	0.05846887268648346	0.0632721496646664	0.04035012809564473	0.04590261873942049	0.04402911095529387	0.04166666666666665	0.04166666666666665	0.049949343375451566	0.04229460379192997	0.050578512396694204	0.040180478884312344	0.0502479338842975	0.04824763877278568	0.04542462146148782	0.047666171862114456	0.04095563139931739	0.04824375793482858	0.05663999999999998	0.042133333333333314	0.045712986126904685	0.06557563359472664
1123	0.050959490510014575	0.05108786061375475	0.0535763474428427	0.046018276762402076	0.048579710144927526	0.04559748427672955	0.06208562227694636	0.0367780863901925	0.03890721649484535	1.0	0.05989726921849155	0.05989726921849155	0.04540364049339094	0.0402277736958119	0.05669896692560262	0.04143507136143805	0.04343355749458122	0.04824561403508772	0.047610631980771936	0.05578605914302956	0.04023711497407745	0.04832713754646839	0.055734536082474105	0.05020137947413732	0.04489427202814659	0.04363636363636362	0.04481132075471698	0.047872340425531894	0.04811946902654866	0.05251605114415846	0.050211382113821146	0.04545454545454544	0.04326923076923077	0.04561904761904761	0.04694679873378944	0.05288461538461537	0.03777748928988704	0.039142665773610176	0.04650761316161999	0.03992395437262356	0.04708520179372195	0.060748711051333754	0.04681453754520853	0.05213660396983618	0.05045761078998071	0.04681453754520853	0.044545212056548406	0.05077941176470587	0.04161502347417839	0.04604001096190736	0.039704925146452574	0.04243203526818514	0.050959490510014575	0.04314888010540184	0.049929676511954985	0.04216867469879516	0.03951793721973093	0.04424043715846994	0.047050418452745456	0.04865938430983116	0.047279598059002864	0.06295289855072463	0.051330086174597195	0.06975505857294992	0.05132497652198766	0.05351818723911746	0.04687499999999998	0.04811946902654866	0.0434137686302342	0.05448108222363135	0.06502359727320395	0.9999999999999999	0.045454545454545435	0.04815509693558473	0.05641592920353982	0.04582860057024964	0.042797006548175844	0.041305326149093234	0.06042031523642731	0.05378286172988159	0.06477438136826781	0.04492307692307691	0.04874213836477985	0.05132497652198766	0.07340425531914892	0.05767484105358763	0.05681028492008337	0.05378286172988159	0.15359042553191485	0.05987909029843582	0.05737864077669901	0.04492307692307691	0.06042031523642731	0.04477611940298506	0.04154768703597942	0.05016473698887636	0.054849237050010706	0.057056348550981066	0.05474871010892412	0.045454545454545435	0.04301374701151922	0.04720298068849704	0.0493285123966942	0.05737864077669901	0.0448147084171215	0.04492307692307691	0.047905256419375486	0.04186627785877941	0.040681427343078246	0.0503313253012048	0.04998409416255764	0.055363321799307946	0.042179261862917386	0.04627196016046479	0.08193423597678913	0.06732891832229577	0.06087219866747423	0.04604001096190736	0.05056179775280898	0.04815509693558473	0.04016126531245154	0.05818181818181817	0.08052284973059268	0.04225790754257907	0.044396298472385416	0.05658627087198515	0.04815509693558473	0.049633439754049886	0.04998409416255764	0.04403201535341199	0.03937846989463551	0.046117970048540874	0.06844266399599397	0.05478426395939086	0.04296220999760822	0.0503313253012048	0.04424043715846994	0.04650761316161999	0.05510181455338334	0.07233407904548843	0.04324824758629811	0.04977003942181339	0.04183332420141361	0.04174333739946657	0.04174333739946657	0.03932225063938618	0.04201458873212401	0.039370246831220805	0.04296220999760822	0.04657387580299782	0.0394196199280945	0.044670846394984316	0.05480552876888459	0.04193959243085879	0.03712084478206992	0.04935114503816794	0.041960015680125425	0.04074833418759609	0.0586966700245456
1124	0.07418872758326213	0.06594882427783799	0.09677419354838711	0.05386673543728441	0.06004560425639726	0.0594059405940594	0.07056978567694722	0.04997103128621088	0.05687203791469193	0.05989726921849155	1.0	1.0	0.050334041907075605	0.054809409207359674	0.06003060656649971	0.05222066730500109	0.04914199417847007	0.05976574231654817	0.05368215909762002	0.06577722618678249	0.049610662801283345	0.05752075852782765	0.060103147315524984	0.09677419354838705	0.052410363895825894	0.06011164747444784	0.05977382875605815	0.06263597445434765	0.05294393253162579	0.053399474759264653	0.05866698715747544	0.06614133623941654	0.057397234324682696	0.06004560425639726	0.07664884135472369	0.0754837168564376	0.05071209902835084	0.052410363895825894	0.058638463083205014	0.05269651612065325	0.05206510872281929	0.0674698139889046	0.061566284006919304	0.06051942339604533	0.06114745848012077	0.06018777243768859	0.06018777243768859	0.06656498529251552	0.047440024436664396	0.05120514778056494	0.05209903975874929	0.05330951485520872	0.05653089887640448	0.05268483630021169	0.06887346502936464	0.05660910962024917	0.0555174777244688	0.06146694214876032	0.06099599580142284	0.06364931653234783	0.06183996750609261	0.06976744186046512	0.06564986737400529	0.07499999999999998	0.07894736842105261	0.08108108108108107	0.10972346119536125	0.05294393253162579	0.05670558961521741	0.07323664534726601	0.06818181818181818	0.9999999999999999	0.0943075615972812	0.07499999999999998	0.08569446050653402	0.07703927492447128	0.05660910962024917	0.05876663825322928	0.07142857142857142	0.07499999999999998	0.08108108108108107	0.06293876557237352	0.05831692913385826	0.07894736842105261	0.08670192670948242	0.06122448979591836	0.08047566371681414	0.07499999999999998	0.24485450674237044	0.07894736842105261	0.07317073170731705	0.06004560425639726	0.07142857142857142	0.08955223880597014	0.054025013968281244	0.04998555710196685	0.07513935340022294	0.05862813824584282	0.07264185037947234	0.0943075615972812	0.059412311432044014	0.05564567317864446	0.057015369360436274	0.07317073170731705	0.06463281463281463	0.06293876557237352	0.0660197539421244	0.05081551197398243	0.05334037821166582	0.065519050116828	0.06322159749345466	0.07243722107506825	0.05471438403303509	0.050435174311041026	0.07768384766907417	0.07170516757911603	0.09902411021814025	0.05120514778056494	0.06099599580142284	0.08242735718521445	0.051431878006716884	0.07671601615074024	0.08996563110721745	0.0573248407643312	0.059412311432044014	0.06333225073075674	0.08242735718521445	0.06673901247965273	0.06756826644600744	0.05396976586984574	0.05071209902835084	0.06564986737400529	0.07076436674725682	0.06844106463878326	0.05977382875605815	0.06844106463878326	0.06447084233261338	0.06310950125383114	0.06287464739069111	0.08708729714605482	0.04817720884501937	0.08213746223564955	0.06287677341569356	0.06032652573034716	0.06032652573034716	0.05334037821166582	0.06504722523154857	0.053862149414211066	0.06167690236132549	0.056752291794888395	0.05585898709036741	0.06563503767600654	0.06992249829040345	0.05311860485808344	0.051527804137407464	0.065519050116828	0.06258698677800972	0.05047341362648229	0.07177033492822962
1125	0.07418872758326213	0.06594882427783799	0.09677419354838711	0.05386673543728441	0.06004560425639726	0.0594059405940594	0.07056978567694722	0.04997103128621088	0.05687203791469193	0.05989726921849155	1.0	1.0	0.050334041907075605	0.054809409207359674	0.06003060656649971	0.05222066730500109	0.04914199417847007	0.05976574231654817	0.05368215909762002	0.06577722618678249	0.049610662801283345	0.05752075852782765	0.060103147315524984	0.09677419354838705	0.052410363895825894	0.06011164747444784	0.05977382875605815	0.06263597445434765	0.05294393253162579	0.053399474759264653	0.05866698715747544	0.06614133623941654	0.057397234324682696	0.06004560425639726	0.07664884135472369	0.0754837168564376	0.05071209902835084	0.052410363895825894	0.058638463083205014	0.05269651612065325	0.05206510872281929	0.0674698139889046	0.061566284006919304	0.06051942339604533	0.06114745848012077	0.06018777243768859	0.06018777243768859	0.06656498529251552	0.047440024436664396	0.05120514778056494	0.05209903975874929	0.05330951485520872	0.05653089887640448	0.05268483630021169	0.06887346502936464	0.05660910962024917	0.0555174777244688	0.06146694214876032	0.06099599580142284	0.06364931653234783	0.06183996750609261	0.06976744186046512	0.06564986737400529	0.07499999999999998	0.07894736842105261	0.08108108108108107	0.10972346119536125	0.05294393253162579	0.05670558961521741	0.07323664534726601	0.06818181818181818	0.9999999999999999	0.0943075615972812	0.07499999999999998	0.08569446050653402	0.07703927492447128	0.05660910962024917	0.05876663825322928	0.07142857142857142	0.07499999999999998	0.08108108108108107	0.06293876557237352	0.05831692913385826	0.07894736842105261	0.08670192670948242	0.06122448979591836	0.08047566371681414	0.07499999999999998	0.24485450674237044	0.07894736842105261	0.07317073170731705	0.06004560425639726	0.07142857142857142	0.08955223880597014	0.054025013968281244	0.04998555710196685	0.07513935340022294	0.05862813824584282	0.07264185037947234	0.0943075615972812	0.059412311432044014	0.05564567317864446	0.057015369360436274	0.07317073170731705	0.06463281463281463	0.06293876557237352	0.0660197539421244	0.05081551197398243	0.05334037821166582	0.065519050116828	0.06322159749345466	0.07243722107506825	0.05471438403303509	0.050435174311041026	0.07768384766907417	0.07170516757911603	0.09902411021814025	0.05120514778056494	0.06099599580142284	0.08242735718521445	0.051431878006716884	0.07671601615074024	0.08996563110721745	0.0573248407643312	0.059412311432044014	0.06333225073075674	0.08242735718521445	0.06673901247965273	0.06756826644600744	0.05396976586984574	0.05071209902835084	0.06564986737400529	0.07076436674725682	0.06844106463878326	0.05977382875605815	0.06844106463878326	0.06447084233261338	0.06310950125383114	0.06287464739069111	0.08708729714605482	0.04817720884501937	0.08213746223564955	0.06287677341569356	0.06032652573034716	0.06032652573034716	0.05334037821166582	0.06504722523154857	0.053862149414211066	0.06167690236132549	0.056752291794888395	0.05585898709036741	0.06563503767600654	0.06992249829040345	0.05311860485808344	0.051527804137407464	0.065519050116828	0.06258698677800972	0.05047341362648229	0.07177033492822962
