	1111	1112	1113	1114	1115	1116	1117	1118	1119	1123	1124	1125	1131	1136	1138	1139	1140	1141	1142	1143	1145	1146	1147	1149	1150	1151	1152	1153	1154	1155	1156	1157	1158	1159	1182	1183	1184	1185	1186	1187	1188	2106	50339	50475	50497	50522	50533	50782	52539	52868	53861	56291	56542	57272	57410	57432	57476	58082	58151	58402	58559	60297	60800	64175	67630	67641	67663	68882	69238	69727	71238	71432	71556	75832	75887	76380	76744	76755	78831	78933	79016	83670	91849	96140	96377	99661	103902	107835	108883	109660	110543	117895	142825	151677	151837	154938	298464	305033	406906	430900	439145	487547	525666	589344	604751	611596	1088115	1422077	1622624	2095172	2095207	4205907	5588330	5630535	5638766	6304274	7120016	10457906	10538326	13838169	14759069	15687271	18453071	22316478	22316558	24219974	26675467	28911015	28981977	29122687	30516871	36507309	43170963	51481619	57808669	59467708	59468858	59468905	61337675	61887921	66357355	69014148	69655056	71351650	71351796	78755814	83903064	84379135	86181422	91374219	101246666	104076382	106243167	106266062	128246106	129618402	145459263	150378179	174635699
1111	1.0	0.2923076923076923	0.5306122448979592	0.234375	0.3870967741935484	0.390625	0.3392857142857143	0.38271604938271603	0.352112676056338	0.4027777777777778	0.5	0.5	0.22535211267605634	0.44776119402985076	0.25	0.3055555555555556	0.24285714285714285	0.2833333333333333	0.21739130434782608	0.21666666666666667	0.2988505747126437	0.3424657534246575	0.36764705882352944	0.4716981132075472	0.36	0.43243243243243246	0.4696969696969697	0.532258064516129	0.2318840579710145	0.18181818181818182	0.34375	0.35294117647058826	0.3380281690140845	0.3230769230769231	0.3389830508474576	0.6041666666666666	0.27906976744186046	0.2911392405063291	0.4666666666666667	0.3291139240506329	0.21875	0.2982456140350877	0.3770491803278688	0.31666666666666665	0.3508771929824561	0.3333333333333333	0.3548387096774194	0.07017543859649122	0.2112676056338028	0.2	0.2571428571428571	0.30434782608695654	0.30158730158730157	0.2898550724637681	0.3389830508474576	0.27941176470588236	0.36764705882352944	0.4576271186440678	0.509090909090909	0.3793103448275862	0.3898305084745763	0.06	0.4444444444444444	0.02040816326530612	0.06666666666666667	0.06818181818181818	0.022727272727272728	0.25	0.28169014084507044	0.09259259259259259	0.018867924528301886	0.07317073170731707	0.044444444444444446	0.06382978723404255	0.020833333333333332	0.061224489795918366	0.2608695652173913	0.25	0.061224489795918366	0.041666666666666664	0.0	0.4827586206896552	0.43103448275862066	0.043478260869565216	0.0625	0.03508771929824561	0.21153846153846154	0.06382978723404255	0.0975609756097561	0.043478260869565216	0.04081632653061224	0.34375	0.04	0.02127659574468085	0.29850746268656714	0.18309859154929578	0.34615384615384615	0.1935483870967742	0.018867924528301886	0.021739130434782608	0.3076923076923077	0.14925373134328357	0.203125	0.04081632653061224	0.28125	0.4827586206896552	0.25396825396825395	0.2857142857142857	0.3108108108108108	0.3064516129032258	0.3442622950819672	0.3333333333333333	0.3142857142857143	0.07142857142857142	0.32	0.4166666666666667	0.4583333333333333	0.2	0.31746031746031744	0.02040816326530612	0.2894736842105263	0.12	0.28846153846153844	0.3230769230769231	0.3076923076923077	0.36363636363636365	0.02040816326530612	0.48214285714285715	0.4909090909090909	0.20588235294117646	0.34146341463414637	0.3220338983050847	0.46153846153846156	0.35	0.38571428571428573	0.42105263157894735	0.3870967741935484	0.35384615384615387	0.41818181818181815	0.34615384615384615	0.3076923076923077	0.39344262295081966	0.375	0.2987012987012987	0.2987012987012987	0.3472222222222222	0.38961038961038963	0.3333333333333333	0.29333333333333333	0.3076923076923077	0.37681159420289856	0.34782608695652173	0.43103448275862066	0.3333333333333333	0.40540540540540543	0.44642857142857145	0.37662337662337664	0.35526315789473684	0.2962962962962963
1112	0.2923076923076923	1.0	0.4	0.265625	0.5172413793103449	0.3787878787878788	0.26229508196721313	0.3103448275862069	0.24050632911392406	0.4507042253521127	0.37037037037037035	0.37037037037037035	0.36923076923076925	0.2857142857142857	0.22033898305084745	0.37142857142857144	0.2898550724637681	0.27419354838709675	0.3870967741935484	0.3392857142857143	0.3855421686746988	0.5151515151515151	0.4393939393939394	0.3559322033898305	0.3684210526315789	0.44	0.25316455696202533	0.29333333333333333	0.359375	0.3333333333333333	0.3968253968253968	0.40298507462686567	0.36619718309859156	0.4666666666666667	0.2857142857142857	0.38596491228070173	0.3333333333333333	0.3333333333333333	0.2857142857142857	0.2891566265060241	0.21212121212121213	0.4074074074074074	0.2112676056338028	0.42105263157894735	0.3389830508474576	0.3870967741935484	0.3870967741935484	0.10526315789473684	0.2753623188405797	0.34375	0.2328767123287671	0.2602739726027397	0.3548387096774194	0.28169014084507044	0.22727272727272727	0.3484848484848485	0.26666666666666666	0.23943661971830985	0.18055555555555555	0.3442622950819672	0.23529411764705882	0.12244897959183673	0.17647058823529413	0.10638297872340426	0.02040816326530612	0.020833333333333332	0.06818181818181818	0.4032258064516129	0.4307692307692308	0.10909090909090909	0.14285714285714285	0.06976744186046512	0.08888888888888889	0.061224489795918366	0.10869565217391304	0.08	0.36923076923076925	0.373134328358209	0.08	0.061224489795918366	0.0425531914893617	0.2571428571428571	0.328125	0.06382978723404255	0.10416666666666667	0.1509433962264151	0.16071428571428573	0.08333333333333333	0.09302325581395349	0.08695652173913043	0.10416666666666667	0.41935483870967744	0.125	0.08695652173913043	0.2535211267605634	0.30303030303030304	0.22033898305084745	0.3333333333333333	0.09803921568627451	0.08888888888888889	0.3181818181818182	0.234375	0.25396825396825395	0.10416666666666667	0.2923076923076923	0.2571428571428571	0.35	0.2602739726027397	0.2692307692307692	0.45614035087719296	0.423728813559322	0.64	0.34285714285714286	0.14925373134328357	0.4782608695652174	0.37254901960784315	0.38461538461538464	0.36507936507936506	0.46551724137931033	0.061224489795918366	0.3157894736842105	0.09433962264150944	0.38	0.23943661971830985	0.2608695652173913	0.3508771929824561	0.061224489795918366	0.3709677419354839	0.3548387096774194	0.2727272727272727	0.3023255813953488	0.19402985074626866	0.39285714285714285	0.6274509803921569	0.45588235294117646	0.38333333333333336	0.29411764705882354	0.40625	0.3793103448275862	0.38461538461538464	0.35064935064935066	0.6111111111111112	0.36486486486486486	0.4782608695652174	0.4782608695652174	0.33783783783783783	0.4931506849315068	0.32432432432432434	0.5967741935483871	0.4032258064516129	0.2597402597402597	0.39705882352941174	0.46551724137931033	0.37662337662337664	0.2619047619047619	0.27692307692307694	0.4794520547945205	0.3815789473684211	0.3584905660377358
1113	0.5306122448979592	0.4	1.0	0.14285714285714285	0.27419354838709675	0.28125	0.3333333333333333	0.25	0.3088235294117647	0.3055555555555556	0.9117647058823529	0.9117647058823529	0.15942028985507245	0.2857142857142857	0.14545454545454545	0.22535211267605634	0.15942028985507245	0.22807017543859648	0.18461538461538463	0.2222222222222222	0.23255813953488372	0.28169014084507044	0.30303030303030304	0.8205128205128205	0.26666666666666666	0.33783783783783783	0.34328358208955223	0.375	0.16417910447761194	0.109375	0.25396825396825395	0.3709677419354839	0.2753623188405797	0.31666666666666665	0.5	0.4583333333333333	0.2261904761904762	0.25	0.3064516129032258	0.2564102564102564	0.12698412698412698	0.2641509433962264	0.3050847457627119	0.2631578947368421	0.25	0.3050847457627119	0.3050847457627119	0.08	0.14492753623188406	0.1323529411764706	0.208955223880597	0.23880597014925373	0.22950819672131148	0.22388059701492538	0.3584905660377358	0.25	0.2835820895522388	0.3389830508474576	0.3103448275862069	0.32727272727272727	0.3157894736842105	0.022222222222222223	0.33962264150943394	0.023809523809523808	0.025	0.02564102564102564	0.02702702702702703	0.16417910447761194	0.2537313432835821	0.08333333333333333	0.021739130434782608	0.08823529411764706	0.05263157894736842	0.023809523809523808	0.024390243902439025	0.07142857142857142	0.25	0.296875	0.022727272727272728	0.023809523809523808	0.0	0.3620689655172414	0.26666666666666666	0.025	0.07317073170731707	0.0196078431372549	0.24444444444444444	0.023809523809523808	0.11764705882352941	0.025	0.023255813953488372	0.31666666666666665	0.022727272727272728	0.025	0.23076923076923078	0.11594202898550725	0.3125	0.13559322033898305	0.021739130434782608	0.02564102564102564	0.3	0.12903225806451613	0.16666666666666666	0.023255813953488372	0.3157894736842105	0.3620689655172414	0.3090909090909091	0.2028985507246377	0.2676056338028169	0.32142857142857145	0.3392857142857143	0.43137254901960786	0.26865671641791045	0.0625	0.3111111111111111	0.2708333333333333	0.8529411764705882	0.1323529411764706	0.3103448275862069	0.023809523809523808	0.2465753424657534	0.08888888888888889	0.4634146341463415	0.27419354838709675	0.25806451612903225	0.25925925925925924	0.023809523809523808	0.38181818181818183	0.3888888888888889	0.171875	0.24096385542168675	0.2909090909090909	0.35294117647058826	0.45098039215686275	0.30434782608695654	0.39622641509433965	0.3620689655172414	0.32786885245901637	0.2909090909090909	0.5365853658536586	0.21794871794871795	0.6595744680851063	0.3333333333333333	0.34782608695652173	0.34782608695652173	0.2676056338028169	0.3698630136986301	0.2535211267605634	0.34328358208955223	0.23809523809523808	0.29411764705882354	0.36507936507936506	0.4074074074074074	0.2597402597402597	0.2597402597402597	0.34545454545454546	0.3561643835616438	0.23076923076923078	0.2857142857142857
1114	0.234375	0.265625	0.14285714285714285	1.0	0.38333333333333336	0.43333333333333335	0.16129032258064516	0.345679012345679	0.3880597014925373	0.2564102564102564	0.13114754098360656	0.13114754098360656	0.5	0.323943661971831	0.3673469387755102	0.46774193548387094	0.423728813559322	0.34545454545454546	0.35	0.2727272727272727	0.34146341463414637	0.26666666666666666	0.2676056338028169	0.171875	0.33783783783783783	0.35526315789473684	0.3055555555555556	0.2777777777777778	0.4642857142857143	0.47058823529411764	0.45614035087719296	0.4126984126984127	0.4153846153846154	0.3387096774193548	0.1875	0.15625	0.35443037974683544	0.2857142857142857	0.2878787878787879	0.25925925925925924	0.47058823529411764	0.33962264150943394	0.24615384615384617	0.38181818181818183	0.45098039215686275	0.39655172413793105	0.39655172413793105	0.23404255319148937	0.5660377358490566	0.5283018867924528	0.3492063492063492	0.29850746268656714	0.4107142857142857	0.36507936507936506	0.16923076923076924	0.2727272727272727	0.47540983606557374	0.23880597014925373	0.2903225806451613	0.375	0.19696969696969696	0.21951219512195122	0.22950819672131148	0.11904761904761904	0.15384615384615385	0.15789473684210525	0.05	0.4642857142857143	0.3968253968253968	0.19148936170212766	0.1590909090909091	0.07894736842105263	0.1	0.175	0.12195121951219512	0.16666666666666666	0.2727272727272727	0.2608695652173913	0.16666666666666666	0.175	0.047619047619047616	0.22058823529411764	0.5094339622641509	0.0975609756097561	0.17073170731707318	0.3023255813953488	0.30434782608695654	0.14634146341463414	0.10526315789473684	0.0975609756097561	0.17073170731707318	0.38333333333333336	0.1951219512195122	0.07142857142857142	0.2727272727272727	0.2857142857142857	0.21818181818181817	0.6904761904761905	0.1590909090909091	0.047619047619047616	0.30158730158730157	0.27586206896551724	0.34545454545454546	0.17073170731707318	0.19696969696969696	0.22058823529411764	0.2459016393442623	0.4032258064516129	0.2702702702702703	0.3	0.31666666666666665	0.26229508196721313	0.36923076923076925	0.3090909090909091	0.26	0.3829787234042553	0.13559322033898305	0.5	0.3559322033898305	0.14634146341463414	0.37681159420289856	0.325	0.18518518518518517	0.296875	0.28125	0.3584905660377358	0.14634146341463414	0.2698412698412698	0.27419354838709675	0.3620689655172414	0.2441860465116279	0.25	0.23728813559322035	0.23809523809523808	0.38235294117647056	0.2786885245901639	0.22058823529411764	0.3076923076923077	0.3392857142857143	0.19642857142857142	0.3561643835616438	0.26153846153846155	0.3150684931506849	0.3108108108108108	0.3108108108108108	0.36231884057971014	0.3684210526315789	0.47619047619047616	0.2702702702702703	0.4642857142857143	0.4838709677419355	0.40625	0.3114754098360656	0.3466666666666667	0.36486486486486486	0.25806451612903225	0.35526315789473684	0.4492753623188406	0.21818181818181817
1115	0.3870967741935484	0.5172413793103449	0.27419354838709675	0.38333333333333336	1.0	0.6909090909090909	0.29508196721311475	0.4146341463414634	0.3157894736842105	0.4383561643835616	0.288135593220339	0.288135593220339	0.421875	0.4225352112676056	0.27586206896551724	0.3611111111111111	0.3787878787878788	0.39655172413793105	0.375	0.4	0.4444444444444444	0.5	0.44776119402985076	0.26153846153846155	0.37662337662337664	0.42857142857142855	0.3116883116883117	0.375	0.43548387096774194	0.41379310344827586	0.5789473684210527	0.5238095238095238	0.5	0.5254237288135594	0.3387096774193548	0.5	0.425	0.39473684210526316	0.3939393939393939	0.3132530120481928	0.22388059701492538	0.5	0.2753623188405797	0.48214285714285715	0.42105263157894735	0.4666666666666667	0.4666666666666667	0.08333333333333333	0.3235294117647059	0.5172413793103449	0.29577464788732394	0.38235294117647056	0.4098360655737705	0.36764705882352944	0.27692307692307694	0.2465753424657534	0.38571428571428573	0.34328358208955223	0.29850746268656714	0.4	0.2835820895522388	0.05555555555555555	0.26153846153846155	0.038461538461538464	0.0	0.0	0.08888888888888889	0.5892857142857143	0.6101694915254238	0.08620689655172414	0.07407407407407407	0.06666666666666667	0.10869565217391304	0.018867924528301886	0.15217391304347827	0.12	0.2638888888888889	0.25333333333333335	0.037037037037037035	0.0	0.0625	0.36363636363636365	0.45	0.0	0.1	0.08620689655172414	0.15517241379310345	0.018867924528301886	0.06521739130434782	0.0196078431372549	0.057692307692307696	0.5789473684210527	0.07692307692307693	0.13043478260869565	0.2638888888888889	0.3333333333333333	0.34545454545454546	0.4444444444444444	0.11538461538461539	0.10869565217391304	0.43548387096774194	0.19117647058823528	0.19117647058823528	0.03773584905660377	0.3230769230769231	0.36363636363636365	0.4067796610169492	0.36231884057971014	0.3835616438356164	0.5454545454545454	0.4576271186440678	0.5849056603773585	0.4117647058823529	0.16176470588235295	0.37254901960784315	0.3584905660377358	0.2542372881355932	0.4915254237288136	0.5535714285714286	0.125	0.3972602739726027	0.05263157894736842	0.3148148148148148	0.40625	0.45901639344262296	0.5192307692307693	0.125	0.5	0.4827586206896552	0.19444444444444445	0.3103448275862069	0.3225806451612903	0.48148148148148145	0.3709677419354839	0.6290322580645161	0.5454545454545454	0.42857142857142855	0.559322033898305	0.5769230769230769	0.34545454545454546	0.30864197530864196	0.390625	0.4305555555555556	0.3684210526315789	0.3684210526315789	0.4027777777777778	0.4050632911392405	0.3888888888888889	0.44285714285714284	0.4126984126984127	0.4142857142857143	0.515625	0.6415094339622641	0.4594594594594595	0.4025974025974026	0.46551724137931033	0.3924050632911392	0.44594594594594594	0.32142857142857145
1116	0.390625	0.3787878787878788	0.28125	0.43333333333333335	0.6909090909090909	1.0	0.30158730158730157	0.4875	0.4305555555555556	0.42105263157894735	0.29508196721311475	0.29508196721311475	0.5161290322580645	0.5072463768115942	0.26229508196721313	0.463768115942029	0.38235294117647056	0.3770491803278688	0.3188405797101449	0.3114754098360656	0.5584415584415584	0.4383561643835616	0.42857142857142855	0.3709677419354839	0.379746835443038	0.4125	0.3684210526315789	0.4166666666666667	0.5333333333333333	0.4406779661016949	0.576271186440678	0.5714285714285714	0.59375	0.3880597014925373	0.34375	0.3770491803278688	0.4810126582278481	0.4931506849315068	0.46153846153846156	0.4177215189873418	0.2878787878787879	0.39655172413793105	0.4444444444444444	0.3870967741935484	0.4	0.4444444444444444	0.4	0.11475409836065574	0.34782608695652173	0.5423728813559322	0.39705882352941174	0.44776119402985076	0.4126984126984127	0.391304347826087	0.4098360655737705	0.323943661971831	0.47058823529411764	0.47619047619047616	0.45161290322580644	0.38095238095238093	0.43548387096774194	0.09090909090909091	0.4166666666666667	0.05555555555555555	0.018518518518518517	0.038461538461538464	0.061224489795918366	0.5081967213114754	0.5555555555555556	0.11864406779661017	0.08928571428571429	0.0625	0.08	0.03636363636363636	0.14285714285714285	0.11320754716981132	0.34285714285714286	0.3287671232876712	0.05357142857142857	0.07547169811320754	0.038461538461538464	0.47619047619047616	0.5	0.018518518518518517	0.11538461538461539	0.11864406779661017	0.25	0.03636363636363636	0.061224489795918366	0.03773584905660377	0.07407407407407407	0.55	0.09259259259259259	0.1	0.36231884057971014	0.3188405797101449	0.375	0.44642857142857145	0.1509433962264151	0.10204081632653061	0.5081967213114754	0.2537313432835821	0.2	0.05454545454545454	0.3484848484848485	0.47619047619047616	0.43333333333333335	0.38571428571428573	0.4647887323943662	0.3968253968253968	0.36923076923076925	0.4262295081967213	0.4142857142857143	0.20588235294117646	0.30357142857142855	0.36363636363636365	0.26229508196721313	0.5423728813559322	0.42857142857142855	0.11764705882352941	0.4	0.10526315789473684	0.2982456140350877	0.47619047619047616	0.4838709677419355	0.4642857142857143	0.11764705882352941	0.45161290322580644	0.43548387096774194	0.2714285714285714	0.39285714285714285	0.3492063492063492	0.43103448275862066	0.3333333333333333	0.6774193548387096	0.4915254237288136	0.5	0.532258064516129	0.5178571428571429	0.3275862068965517	0.3132530120481928	0.35294117647058826	0.5362318840579711	0.38961038961038963	0.38961038961038963	0.5294117647058824	0.5	0.4927536231884058	0.4444444444444444	0.5333333333333333	0.5	0.5625	0.5789473684210527	0.6086956521739131	0.48	0.543859649122807	0.4868421052631579	0.5277777777777778	0.375
1117	0.3392857142857143	0.26229508196721313	0.3333333333333333	0.16129032258064516	0.29508196721311475	0.30158730158730157	1.0	0.3815789473684211	0.2898550724637681	0.40298507462686567	0.3541666666666667	0.3541666666666667	0.2698412698412698	0.40625	0.23529411764705882	0.29850746268656714	0.2903225806451613	0.32075471698113206	0.3275862068965517	0.375	0.39473684210526316	0.4	0.4098360655737705	0.33962264150943394	0.35714285714285715	0.39436619718309857	0.40625	0.41935483870967744	0.3	0.22413793103448276	0.3389830508474576	0.3492063492063492	0.375	0.29508196721311475	0.46938775510204084	0.4	0.33766233766233766	0.28378378378378377	0.39655172413793105	0.30666666666666664	0.2033898305084746	0.3673469387755102	0.375	0.3090909090909091	0.2727272727272727	0.2833333333333333	0.26229508196721313	0.14893617021276595	0.2153846153846154	0.26229508196721313	0.32786885245901637	0.23880597014925373	0.3392857142857143	0.3225806451612903	0.3584905660377358	0.21212121212121213	0.2835820895522388	0.31666666666666665	0.3333333333333333	0.2807017543859649	0.25	0.045454545454545456	0.36538461538461536	0.04878048780487805	0.05128205128205128	0.05263157894736842	0.0	0.25806451612903225	0.2727272727272727	0.15555555555555556	0.06818181818181818	0.08823529411764706	0.0	0.023809523809523808	0.024390243902439025	0.022727272727272728	0.21212121212121213	0.2028985507246377	0.046511627906976744	0.075	0.02564102564102564	0.3389830508474576	0.26666666666666666	0.025	0.047619047619047616	0.04	0.19148936170212766	0.023809523809523808	0.08571428571428572	0.025	0.023255813953488372	0.25396825396825395	0.022727272727272728	0.0	0.25	0.2222222222222222	0.3695652173913043	0.17543859649122806	0.09302325581395349	0.0	0.3	0.25	0.2727272727272727	0.023255813953488372	0.3157894736842105	0.3389830508474576	0.3584905660377358	0.31746031746031744	0.3235294117647059	0.34545454545454546	0.3157894736842105	0.30357142857142855	0.3076923076923077	0.1724137931034483	0.3111111111111111	0.24489795918367346	0.2857142857142857	0.26229508196721313	0.3103448275862069	0.023809523809523808	0.28169014084507044	0.11363636363636363	0.3953488372093023	0.31666666666666665	0.3684210526315789	0.2830188679245283	0.023809523809523808	0.4074074074074074	0.3888888888888889	0.25	0.3037974683544304	0.39215686274509803	0.46808510638297873	0.2542372881355932	0.3235294117647059	0.37037037037037035	0.3620689655172414	0.3728813559322034	0.2909090909090909	0.46511627906976744	0.3013698630136986	0.2786885245901639	0.35294117647058826	0.32857142857142857	0.32857142857142857	0.30434782608695654	0.3333333333333333	0.2898550724637681	0.3235294117647059	0.3220338983050847	0.29411764705882354	0.36507936507936506	0.3103448275862069	0.4264705882352941	0.38571428571428573	0.37037037037037035	0.33783783783783783	0.3333333333333333	0.5
1118	0.38271604938271603	0.3103448275862069	0.25	0.345679012345679	0.4146341463414634	0.4875	0.3815789473684211	1.0	0.5949367088607594	0.40860215053763443	0.2289156626506024	0.2289156626506024	0.40963855421686746	0.7397260273972602	0.26582278481012656	0.5121951219512195	0.4810126582278481	0.44594594594594594	0.4074074074074074	0.35526315789473684	0.6067415730337079	0.43820224719101125	0.3977272727272727	0.30120481927710846	0.48314606741573035	0.5632183908045977	0.5119047619047619	0.45348837209302323	0.41975308641975306	0.35	0.4146341463414634	0.40229885057471265	0.4880952380952381	0.4146341463414634	0.345679012345679	0.3375	0.4583333333333333	0.5348837209302325	0.42168674698795183	0.5168539325842697	0.3170731707317073	0.3333333333333333	0.4430379746835443	0.379746835443038	0.3717948717948718	0.35714285714285715	0.4074074074074074	0.21333333333333335	0.38095238095238093	0.4430379746835443	0.5324675324675324	0.36363636363636365	0.36585365853658536	0.45121951219512196	0.3974358974358974	0.32954545454545453	0.4819277108433735	0.5064935064935064	0.44871794871794873	0.35802469135802467	0.4358974358974359	0.12162162162162163	0.42105263157894735	0.1111111111111111	0.08333333333333333	0.06944444444444445	0.041666666666666664	0.45569620253164556	0.44047619047619047	0.20270270270270271	0.1506849315068493	0.04225352112676056	0.06944444444444445	0.08108108108108109	0.0821917808219178	0.10810810810810811	0.32954545454545453	0.30434782608695654	0.1388888888888889	0.1111111111111111	0.04054054054054054	0.5064935064935064	0.3950617283950617	0.05405405405405406	0.05194805194805195	0.1125	0.25675675675675674	0.05263157894736842	0.056338028169014086	0.05405405405405406	0.05194805194805195	0.38095238095238093	0.05128205128205128	0.05405405405405406	0.3764705882352941	0.3411764705882353	0.2987012987012987	0.31645569620253167	0.10526315789473684	0.04054054054054054	0.5333333333333333	0.40789473684210525	0.3717948717948718	0.05194805194805195	0.47368421052631576	0.5064935064935064	0.4533333333333333	0.4457831325301205	0.5487804878048781	0.37037037037037035	0.36585365853658536	0.34146341463414637	0.3707865168539326	0.22093023255813954	0.28	0.30666666666666664	0.20481927710843373	0.425	0.32941176470588235	0.08108108108108109	0.3763440860215054	0.16216216216216217	0.24358974358974358	0.5263157894736842	0.5131578947368421	0.36363636363636365	0.08108108108108109	0.4868421052631579	0.47368421052631576	0.4358974358974359	0.5053763440860215	0.3670886075949367	0.37662337662337664	0.3058823529411765	0.49411764705882355	0.4605263157894737	0.5466666666666666	0.5526315789473685	0.4025974025974026	0.28205128205128205	0.43478260869565216	0.29213483146067415	0.5925925925925926	0.3978494623655914	0.3978494623655914	0.6710526315789473	0.4891304347826087	0.575	0.3804347826086957	0.4375	0.47058823529411764	0.41379310344827586	0.313953488372093	0.5581395348837209	0.8356164383561644	0.44155844155844154	0.4945054945054945	0.6024096385542169	0.3333333333333333
1119	0.352112676056338	0.24050632911392406	0.3088235294117647	0.3880597014925373	0.3157894736842105	0.4305555555555556	0.2898550724637681	0.5949367088607594	1.0	0.3218390804597701	0.2835820895522388	0.2835820895522388	0.3835616438356164	0.6567164179104478	0.3125	0.4594594594594595	0.44285714285714284	0.4	0.32432432432432434	0.27941176470588236	0.42696629213483145	0.3333333333333333	0.3375	0.373134328358209	0.43209876543209874	0.48148148148148145	0.4605263157894737	0.4342105263157895	0.39436619718309857	0.2777777777777778	0.3698630136986301	0.43243243243243246	0.4533333333333333	0.3888888888888889	0.34782608695652173	0.22972972972972974	0.42528735632183906	0.38095238095238093	0.43661971830985913	0.38372093023255816	0.35294117647058826	0.31343283582089554	0.4411764705882353	0.36764705882352944	0.421875	0.4411764705882353	0.4411764705882353	0.25	0.42857142857142855	0.32432432432432434	0.5	0.40540540540540543	0.4117647058823529	0.4507042253521127	0.4090909090909091	0.3835616438356164	0.6212121212121212	0.6129032258064516	0.515625	0.46875	0.5	0.11666666666666667	0.4375	0.06666666666666667	0.10714285714285714	0.10909090909090909	0.0	0.32	0.4	0.19672131147540983	0.07936507936507936	0.03571428571428571	0.03389830508474576	0.12280701754385964	0.03278688524590164	0.1	0.36486486486486486	0.3684210526315789	0.11864406779661017	0.10344827586206896	0.0	0.5873015873015873	0.4696969696969697	0.06896551724137931	0.06557377049180328	0.12307692307692308	0.26229508196721313	0.0847457627118644	0.05357142857142857	0.05084745762711865	0.04838709677419355	0.42857142857142855	0.047619047619047616	0.01639344262295082	0.44285714285714284	0.24050632911392406	0.3548387096774194	0.2571428571428571	0.07936507936507936	0.016666666666666666	0.5	0.3382352941176471	0.28169014084507044	0.06557377049180328	0.37142857142857144	0.5873015873015873	0.3880597014925373	0.4857142857142857	0.48	0.3380281690140845	0.4117647058823529	0.25333333333333335	0.41333333333333333	0.20270270270270271	0.2698412698412698	0.36666666666666664	0.2923076923076923	0.32432432432432434	0.36619718309859156	0.06666666666666667	0.4358974358974359	0.20689655172413793	0.3064516129032258	0.4925373134328358	0.45588235294117646	0.4126984126984127	0.06666666666666667	0.4057971014492754	0.391304347826087	0.352112676056338	0.3626373626373626	0.4153846153846154	0.36363636363636365	0.3013698630136986	0.44155844155844154	0.417910447761194	0.4925373134328358	0.4166666666666667	0.4375	0.3125	0.38095238095238093	0.32	0.4868421052631579	0.4074074074074074	0.4074074074074074	0.734375	0.49382716049382713	0.746031746031746	0.32142857142857145	0.43478260869565216	0.6029411764705882	0.44594594594594594	0.3287671232876712	0.42168674698795183	0.7101449275362319	0.484375	0.48148148148148145	0.6027397260273972	0.3333333333333333
1123	0.4027777777777778	0.4507042253521127	0.3055555555555556	0.2564102564102564	0.4383561643835616	0.42105263157894735	0.40298507462686567	0.40860215053763443	0.3218390804597701	1.0	0.3188405797101449	0.3188405797101449	0.37662337662337664	0.38095238095238093	0.2535211267605634	0.3780487804878049	0.325	0.2631578947368421	0.37333333333333335	0.29577464788732394	0.5529411764705883	0.7727272727272727	0.8360655737704918	0.3108108108108108	0.6805555555555556	0.6666666666666666	0.5675675675675675	0.6521739130434783	0.40540540540540543	0.3472222222222222	0.4788732394366197	0.48	0.46153846153846156	0.36363636363636365	0.2727272727272727	0.3333333333333333	0.43333333333333335	0.4069767441860465	0.4266666666666667	0.47619047619047616	0.2597402597402597	0.36764705882352944	0.35526315789473684	0.3611111111111111	0.2972972972972973	0.35526315789473684	0.3037974683544304	0.0958904109589041	0.26506024096385544	0.33766233766233766	0.2441860465116279	0.345679012345679	0.4027777777777778	0.35	0.32432432432432434	0.2926829268292683	0.3023255813953488	0.3291139240506329	0.34210526315789475	0.32	0.32894736842105265	0.07462686567164178	0.3287671232876712	0.06153846153846154	0.015151515151515152	0.015384615384615385	0.0	0.40540540540540543	0.3924050632911392	0.09859154929577464	0.08955223880597014	0.05	0.0	0.014705882352941176	0.030303030303030304	0.014285714285714285	0.30864197530864196	0.3132530120481928	0.05970149253731343	0.029850746268656716	0.03125	0.34615384615384615	0.3783783783783784	0.015151515151515152	0.07692307692307693	0.11428571428571428	0.15492957746478872	0.029850746268656716	0.04918032786885246	0.03076923076923077	0.04477611940298507	0.34615384615384615	0.05970149253731343	0.0	0.27710843373493976	0.4305555555555556	0.2361111111111111	0.32857142857142857	0.057971014492753624	0.0	0.2839506172839506	0.24675324675324675	0.28	0.04477611940298507	0.27848101265822783	0.34615384615384615	0.2894736842105263	0.32926829268292684	0.39759036144578314	0.3698630136986301	0.3835616438356164	0.43478260869565216	0.37037037037037035	0.20512820512820512	0.328125	0.29850746268656714	0.2898550724637681	0.33766233766233766	0.4166666666666667	0.014705882352941176	0.39285714285714285	0.08695652173913043	0.34375	0.2804878048780488	0.31645569620253167	0.34285714285714286	0.014705882352941176	0.3972602739726027	0.3835616438356164	0.2625	0.5	0.24358974358974358	0.484375	0.4492753623188406	0.48717948717948717	0.3698630136986301	0.3291139240506329	0.4266666666666667	0.38571428571428573	0.36923076923076925	0.5921052631578947	0.4444444444444444	0.475	0.4875	0.4875	0.3488372093023256	0.5949367088607594	0.3372093023255814	0.48717948717948717	0.3684210526315789	0.32558139534883723	0.47368421052631576	0.5	0.5569620253164557	0.3516483516483517	0.35135135135135137	0.5822784810126582	0.4878048780487805	0.2714285714285714
1124	0.5	0.37037037037037035	0.9117647058823529	0.13114754098360656	0.288135593220339	0.29508196721311475	0.3541666666666667	0.2289156626506024	0.2835820895522388	0.3188405797101449	1.0	1.0	0.14925373134328357	0.2608695652173913	0.1111111111111111	0.21739130434782608	0.1323529411764706	0.19642857142857142	0.1746031746031746	0.23529411764705882	0.2261904761904762	0.29411764705882354	0.31746031746031744	0.8378378378378378	0.24324324324324326	0.3150684931506849	0.3181818181818182	0.3492063492063492	0.171875	0.11475409836065574	0.26666666666666666	0.3898305084745763	0.2878787878787879	0.288135593220339	0.5333333333333333	0.4888888888888889	0.2345679012345679	0.24324324324324326	0.2786885245901639	0.25	0.0967741935483871	0.28	0.2982456140350877	0.23214285714285715	0.21818181818181817	0.27586206896551724	0.27586206896551724	0.0625	0.10144927536231885	0.13846153846153847	0.18181818181818182	0.21212121212121213	0.2	0.19696969696969696	0.38	0.24193548387096775	0.25757575757575757	0.3103448275862069	0.2807017543859649	0.2962962962962963	0.2857142857142857	0.0	0.3076923076923077	0.0	0.0	0.0	0.029411764705882353	0.171875	0.265625	0.08888888888888889	0.0	0.0967741935483871	0.027777777777777776	0.0	0.02631578947368421	0.024390243902439025	0.24193548387096775	0.2903225806451613	0.0	0.0	0.0	0.3333333333333333	0.23728813559322035	0.0	0.05128205128205128	0.0	0.23255813953488372	0.0	0.09375	0.0	0.0	0.288135593220339	0.0	0.02702702702702703	0.203125	0.12121212121212122	0.3333333333333333	0.14285714285714285	0.023255813953488372	0.027777777777777776	0.2711864406779661	0.13559322033898305	0.15517241379310345	0.0	0.3333333333333333	0.3333333333333333	0.3269230769230769	0.17647058823529413	0.24285714285714285	0.33962264150943394	0.3090909090909091	0.4583333333333333	0.24242424242424243	0.04838709677419355	0.2727272727272727	0.23404255319148937	0.875	0.13846153846153847	0.2807017543859649	0.02564102564102564	0.2222222222222222	0.06976744186046512	0.5	0.2459016393442623	0.2711864406779661	0.22641509433962265	0.02564102564102564	0.37735849056603776	0.38461538461538464	0.16129032258064516	0.2345679012345679	0.3076923076923077	0.375	0.39215686274509803	0.3181818181818182	0.39215686274509803	0.35714285714285715	0.3448275862068966	0.25925925925925924	0.5789473684210527	0.19480519480519481	0.5957446808510638	0.3484848484848485	0.3235294117647059	0.3235294117647059	0.24285714285714285	0.3472222222222222	0.2463768115942029	0.3384615384615385	0.22950819672131148	0.26865671641791045	0.38333333333333336	0.43137254901960786	0.25333333333333335	0.23684210526315788	0.33962264150943394	0.3333333333333333	0.2236842105263158	0.2765957446808511
1125	0.5	0.37037037037037035	0.9117647058823529	0.13114754098360656	0.288135593220339	0.29508196721311475	0.3541666666666667	0.2289156626506024	0.2835820895522388	0.3188405797101449	1.0	1.0	0.14925373134328357	0.2608695652173913	0.1111111111111111	0.21739130434782608	0.1323529411764706	0.19642857142857142	0.1746031746031746	0.23529411764705882	0.2261904761904762	0.29411764705882354	0.31746031746031744	0.8378378378378378	0.24324324324324326	0.3150684931506849	0.3181818181818182	0.3492063492063492	0.171875	0.11475409836065574	0.26666666666666666	0.3898305084745763	0.2878787878787879	0.288135593220339	0.5333333333333333	0.4888888888888889	0.2345679012345679	0.24324324324324326	0.2786885245901639	0.25	0.0967741935483871	0.28	0.2982456140350877	0.23214285714285715	0.21818181818181817	0.27586206896551724	0.27586206896551724	0.0625	0.10144927536231885	0.13846153846153847	0.18181818181818182	0.21212121212121213	0.2	0.19696969696969696	0.38	0.24193548387096775	0.25757575757575757	0.3103448275862069	0.2807017543859649	0.2962962962962963	0.2857142857142857	0.0	0.3076923076923077	0.0	0.0	0.0	0.029411764705882353	0.171875	0.265625	0.08888888888888889	0.0	0.0967741935483871	0.027777777777777776	0.0	0.02631578947368421	0.024390243902439025	0.24193548387096775	0.2903225806451613	0.0	0.0	0.0	0.3333333333333333	0.23728813559322035	0.0	0.05128205128205128	0.0	0.23255813953488372	0.0	0.09375	0.0	0.0	0.288135593220339	0.0	0.02702702702702703	0.203125	0.12121212121212122	0.3333333333333333	0.14285714285714285	0.023255813953488372	0.027777777777777776	0.2711864406779661	0.13559322033898305	0.15517241379310345	0.0	0.3333333333333333	0.3333333333333333	0.3269230769230769	0.17647058823529413	0.24285714285714285	0.33962264150943394	0.3090909090909091	0.4583333333333333	0.24242424242424243	0.04838709677419355	0.2727272727272727	0.23404255319148937	0.875	0.13846153846153847	0.2807017543859649	0.02564102564102564	0.2222222222222222	0.06976744186046512	0.5	0.2459016393442623	0.2711864406779661	0.22641509433962265	0.02564102564102564	0.37735849056603776	0.38461538461538464	0.16129032258064516	0.2345679012345679	0.3076923076923077	0.375	0.39215686274509803	0.3181818181818182	0.39215686274509803	0.35714285714285715	0.3448275862068966	0.25925925925925924	0.5789473684210527	0.19480519480519481	0.5957446808510638	0.3484848484848485	0.3235294117647059	0.3235294117647059	0.24285714285714285	0.3472222222222222	0.2463768115942029	0.3384615384615385	0.22950819672131148	0.26865671641791045	0.38333333333333336	0.43137254901960786	0.25333333333333335	0.23684210526315788	0.33962264150943394	0.3333333333333333	0.2236842105263158	0.2765957446808511
1131	0.22535211267605634	0.36923076923076925	0.15942028985507245	0.5	0.421875	0.5161290322580645	0.2698412698412698	0.40963855421686746	0.3835616438356164	0.37662337662337664	0.14925373134328357	0.14925373134328357	1.0	0.34210526315789475	0.3157894736842105	0.6229508196721312	0.559322033898305	0.36666666666666664	0.5084745762711864	0.3220338983050847	0.5324675324675324	0.33766233766233766	0.3611111111111111	0.23880597014925373	0.3717948717948718	0.3875	0.2911392405063291	0.2987012987012987	0.9148936170212766	0.7291666666666666	0.7169811320754716	0.6440677966101694	0.6949152542372882	0.46774193548387094	0.23529411764705882	0.17142857142857143	0.45569620253164556	0.44594594594594594	0.47619047619047616	0.42857142857142855	0.45614035087719296	0.49056603773584906	0.390625	0.5555555555555556	0.4642857142857143	0.45901639344262296	0.390625	0.2222222222222222	0.4918032786885246	0.5892857142857143	0.453125	0.46153846153846156	0.5535714285714286	0.4461538461538462	0.2923076923076923	0.373134328358209	0.5076923076923077	0.3382352941176471	0.3333333333333333	0.4166666666666667	0.3384615384615385	0.20833333333333334	0.31746031746031744	0.14583333333333334	0.08163265306122448	0.08333333333333333	0.0	0.5789473684210527	0.47692307692307695	0.18518518518518517	0.20408163265306123	0.06521739130434782	0.0196078431372549	0.03773584905660377	0.038461538461538464	0.07547169811320754	0.3939393939393939	0.37681159420289856	0.14	0.12244897959183673	0.0	0.3582089552238806	0.5172413793103449	0.06	0.16666666666666666	0.23076923076923078	0.36	0.0784313725490196	0.08695652173913043	0.08163265306122448	0.14285714285714285	0.421875	0.16326530612244897	0.0	0.4153846153846154	0.36923076923076925	0.3392857142857143	0.49056603773584906	0.11320754716981132	0.0	0.40625	0.41379310344827586	0.4909090909090909	0.12	0.27941176470588236	0.3582089552238806	0.3548387096774194	0.46153846153846156	0.36	0.4098360655737705	0.5	0.2878787878787879	0.4264705882352941	0.3114754098360656	0.42	0.40384615384615385	0.15384615384615385	0.5892857142857143	0.5172413793103449	0.057692307692307696	0.410958904109589	0.17307692307692307	0.2857142857142857	0.4	0.40625	0.45454545454545453	0.057692307692307696	0.2571428571428571	0.2608695652173913	0.5818181818181818	0.4375	0.38333333333333336	0.35	0.34375	0.4782608695652174	0.2647058823529412	0.3	0.32857142857142857	0.43103448275862066	0.29310344827586204	0.38961038961038963	0.3235294117647059	0.5072463768115942	0.5217391304347826	0.5217391304347826	0.43661971830985913	0.5135135135135135	0.4225352112676056	0.45714285714285713	0.6071428571428571	0.5151515151515151	0.6333333333333333	0.4426229508196721	0.5138888888888888	0.345679012345679	0.43333333333333335	0.5205479452054794	0.5652173913043478	0.3888888888888889
