	1	103	104	108	110	111	112	113	118	119	120	122	123	124	125	139	141	142	144	145	157	158	159	169	170	172	183	188	189	191	192	21	24	27	28	29	30	31	37	67	68	73	74	88	89	90	92	93	AK-4	AK3-A	BH-1	BH-19	BH-22	BH-23	BH-25	BH-29	BH-32	BH-42	BH-50	BH-75	BH-76	BH-85	BH-86	BH-87	BH-89	BH-90	BH-91	BH-92	BH-97	JRD-10	JRD-13	JRD-25	JRD-6	JRD-73	JRD-81	KH-1	KH-10	KH-17	KH-19	KH-2	KH-25	KH-27	KH-3	KH-34	KH-38	NDE-1e	NDE-1f	NDE-1j	NDE-1k	NDE-3a	NDE-3c
1	1	0.625	0.568181818181818	0.714285714285714	0.694444444444444	0.657894736842105	0.641025641025641	0.625	0.714285714285714	0.565217391304348	0.568181818181818	0.78125	0.8125	0.764705882352941	0.702702702702703	0.619047619047619	0.590909090909091	0.446428571428571	0.581395348837209	0.5	0.757575757575758	0.787878787878788	0.722222222222222	0.657894736842105	0.694444444444444	0.615384615384615	0.657142857142857	0.617647058823529	0.892857142857143	0.564102564102564	0.44	0.870967741935484	0.870967741935484	0.694444444444444	0.595238095238095	0.625	0.625	0.595238095238095	0.862068965517241	0.787878787878788	0.581395348837209	0.658536585365854	0.658536585365854	0.722222222222222	0.694444444444444	0.722222222222222	0.735294117647059	0.757575757575758	0.220338983050847	0.232142857142857	0.547619047619048	0.522727272727273	0.5	0.5	0.545454545454545	0.523809523809524	0.5	0.58974358974359	0.405405405405405	0.525	0.657142857142857	0.378378378378378	0.378378378378378	0.424242424242424	0.428571428571429	0.405405405405405	0.405405405405405	0.341463414634146	0.487179487179487	0.313725490196078	0.326530612244898	0.382978723404255	0.313725490196078	0.340909090909091	0.333333333333333	0.257575757575758	0.274193548387097	0.298507462686567	0.283582089552239	0.272727272727273	0.229508196721311	0.333333333333333	0.257575757575758	0.26984126984127	0.208955223880597	0.294117647058824	0.294117647058824	0.272727272727273	0.333333333333333	0.244444444444444	0.244444444444444
103	0.625	1	0.86046511627907	0.731707317073171	0.714285714285714	0.761904761904762	0.744186046511628	0.727272727272727	0.577777777777778	0.509090909090909	0.538461538461538	0.7	0.682926829268293	0.651162790697674	0.720930232558139	0.549019607843137	0.588235294117647	0.614035087719298	0.645833333333333	0.508771929824561	0.568181818181818	0.555555555555556	0.520833333333333	0.644444444444444	0.674418604651163	0.644444444444444	0.468085106382979	0.534883720930233	0.560975609756098	0.5	0.537037037037037	0.568181818181818	0.568181818181818	0.714285714285714	0.625	0.652173913043478	0.652173913043478	0.625	0.666666666666667	0.555555555555556	0.58	0.490566037735849	0.490566037735849	0.697674418604651	0.8	0.780487804878049	0.707317073170732	0.725	0.431034482758621	0.454545454545455	0.461538461538462	0.444444444444444	0.452830188679245	0.452830188679245	0.462962962962963	0.470588235294118	0.452830188679245	0.489795918367347	0.4	0.384615384615385	0.468085106382979	0.319148936170213	0.291666666666667	0.318181818181818	0.297872340425532	0.3125	0.285714285714286	0.269230769230769	0.408163265306122	0.3	0.310344827586207	0.333333333333333	0.3	0.320754716981132	0.315789473684211	0.424242424242424	0.451612903225806	0.441176470588235	0.447761194029851	0.439393939393939	0.387096774193548	0.507936507936508	0.424242424242424	0.444444444444444	0.393939393939394	0.241935483870968	0.241935483870968	0.227272727272727	0.271186440677966	0.218181818181818	0.218181818181818
104	0.568181818181818	0.86046511627907	1	0.704545454545455	0.727272727272727	0.772727272727273	0.755555555555556	0.739130434782609	0.5625	0.553571428571429	0.584905660377358	0.636363636363636	0.622222222222222	0.595744680851064	0.625	0.566037735849057	0.60377358490566	0.655172413793103	0.729166666666667	0.578947368421053	0.520833333333333	0.510204081632653	0.480769230769231	0.625	0.617021276595745	0.591836734693878	0.46	0.48936170212766	0.511111111111111	0.461538461538462	0.5	0.520833333333333	0.520833333333333	0.652173913043478	0.576923076923077	0.6	0.6	0.576923076923077	0.604651162790698	0.510204081632653	0.537037037037037	0.456140350877193	0.456140350877193	0.638297872340426	0.767441860465116	0.75	0.644444444444444	0.659090909090909	0.45	0.473684210526316	0.428571428571429	0.413793103448276	0.421052631578947	0.421052631578947	0.431034482758621	0.436363636363636	0.421052631578947	0.452830188679245	0.36734693877551	0.357142857142857	0.431372549019608	0.294117647058824	0.269230769230769	0.291666666666667	0.274509803921569	0.288461538461538	0.264150943396226	0.25	0.377358490566038	0.344262295081967	0.355932203389831	0.379310344827586	0.344262295081967	0.37037037037037	0.362068965517241	0.420289855072464	0.446153846153846	0.436619718309859	0.442857142857143	0.434782608695652	0.384615384615385	0.5	0.420289855072464	0.439393939393939	0.454545454545455	0.227272727272727	0.227272727272727	0.214285714285714	0.253968253968254	0.203389830508475	0.203389830508475
108	0.714285714285714	0.731707317073171	0.704545454545455	1	0.970588235294118	0.916666666666667	0.794871794871795	0.775	0.692307692307692	0.529411764705882	0.5625	0.702702702702703	0.684210526315789	0.65	0.604651162790698	0.541666666666667	0.52	0.474576271186441	0.644444444444444	0.557692307692308	0.641025641025641	0.625	0.581395348837209	0.725	0.717948717948718	0.642857142857143	0.560975609756098	0.564102564102564	0.638888888888889	0.634146341463415	0.418181818181818	0.641025641025641	0.641025641025641	0.717948717948718	0.622222222222222	0.651162790697674	0.651162790697674	0.622222222222222	0.818181818181818	0.625	0.574468085106383	0.541666666666667	0.541666666666667	0.7	0.861111111111111	0.837837837837838	0.710526315789474	0.72972972972973	0.322033898305085	0.339285714285714	0.577777777777778	0.553191489361702	0.565217391304348	0.565217391304348	0.574468085106383	0.590909090909091	0.565217391304348	0.619047619047619	0.526315789473684	0.425531914893617	0.523809523809524	0.325581395348837	0.357142857142857	0.394736842105263	0.333333333333333	0.318181818181818	0.348837209302326	0.326086956521739	0.422222222222222	0.327272727272727	0.339622641509434	0.365384615384615	0.327272727272727	0.354166666666667	0.346153846153846	0.390625	0.416666666666667	0.409090909090909	0.415384615384615	0.40625	0.35	0.475409836065574	0.390625	0.409836065573771	0.318181818181818	0.285714285714286	0.285714285714286	0.266666666666667	0.320754716981132	0.26530612244898	0.26530612244898
110	0.694444444444444	0.714285714285714	0.727272727272727	0.970588235294118	1	0.944444444444444	0.82051282051282	0.8	0.675	0.519230769230769	0.551020408163265	0.684210526315789	0.666666666666667	0.634146341463415	0.590909090909091	0.530612244897959	0.509803921568627	0.491525423728814	0.630434782608696	0.547169811320755	0.625	0.609756097560976	0.568181818181818	0.707317073170732	0.7	0.627906976744186	0.547619047619048	0.55	0.621621621621622	0.619047619047619	0.436363636363636	0.625	0.625	0.7	0.608695652173913	0.636363636363636	0.636363636363636	0.608695652173913	0.794117647058823	0.609756097560976	0.5625	0.530612244897959	0.530612244897959	0.682926829268293	0.837837837837838	0.815789473684211	0.692307692307692	0.710526315789474	0.338983050847458	0.357142857142857	0.565217391304348	0.541666666666667	0.553191489361702	0.553191489361702	0.5625	0.577777777777778	0.553191489361702	0.604651162790698	0.512820512820513	0.416666666666667	0.511627906976744	0.318181818181818	0.348837209302326	0.384615384615385	0.325581395348837	0.311111111111111	0.340909090909091	0.319148936170213	0.41304347826087	0.321428571428571	0.333333333333333	0.358490566037736	0.321428571428571	0.346938775510204	0.339622641509434	0.40625	0.433333333333333	0.424242424242424	0.430769230769231	0.421875	0.366666666666667	0.491803278688525	0.40625	0.426229508196721	0.333333333333333	0.280701754385965	0.280701754385965	0.262295081967213	0.314814814814815	0.26	0.26
111	0.657894736842105	0.761904761904762	0.772727272727273	0.916666666666667	0.944444444444444	1	0.780487804878049	0.761904761904762	0.642857142857143	0.557692307692308	0.591836734693878	0.736842105263158	0.717948717948718	0.682926829268293	0.636363636363636	0.571428571428571	0.549019607843137	0.525423728813559	0.673913043478261	0.584905660377358	0.595238095238095	0.581395348837209	0.543478260869565	0.75609756097561	0.75	0.6	0.522727272727273	0.560975609756098	0.58974358974359	0.590909090909091	0.421052631578947	0.595238095238095	0.595238095238095	0.666666666666667	0.583333333333333	0.608695652173913	0.608695652173913	0.583333333333333	0.75	0.581395348837209	0.54	0.509803921568627	0.509803921568627	0.651162790697674	0.794871794871795	0.775	0.658536585365854	0.675	0.35	0.368421052631579	0.541666666666667	0.52	0.530612244897959	0.530612244897959	0.54	0.553191489361702	0.530612244897959	0.577777777777778	0.48780487804878	0.4	0.488888888888889	0.304347826086957	0.333333333333333	0.365853658536585	0.311111111111111	0.297872340425532	0.326086956521739	0.306122448979592	0.395833333333333	0.333333333333333	0.345454545454545	0.37037037037037	0.333333333333333	0.36	0.351851851851852	0.393939393939394	0.419354838709677	0.411764705882353	0.417910447761194	0.409090909090909	0.354838709677419	0.476190476190476	0.393939393939394	0.412698412698413	0.363636363636364	0.271186440677966	0.271186440677966	0.253968253968254	0.303571428571429	0.25	0.25
112	0.641025641025641	0.744186046511628	0.755555555555556	0.794871794871795	0.82051282051282	0.780487804878049	1	0.829268292682927	0.627906976744186	0.518518518518518	0.549019607843137	0.634146341463415	0.619047619047619	0.590909090909091	0.553191489361702	0.56	0.538461538461538	0.596491228070175	0.56	0.517857142857143	0.658536585365854	0.642857142857143	0.6	0.622222222222222	0.613636363636364	0.738095238095238	0.511111111111111	0.547619047619048	0.575	0.51063829787234	0.464285714285714	0.581395348837209	0.581395348837209	0.868421052631579	0.75	0.785714285714286	0.785714285714286	0.75	0.684210526315789	0.568181818181818	0.695652173913043	0.56	0.56	0.846153846153846	0.868421052631579	0.846153846153846	0.725	0.743589743589744	0.344262295081967	0.362068965517241	0.470588235294118	0.452830188679245	0.461538461538462	0.461538461538462	0.471698113207547	0.48	0.461538461538462	0.5	0.409090909090909	0.392156862745098	0.478260869565217	0.326086956521739	0.297872340425532	0.325581395348837	0.304347826086957	0.319148936170213	0.291666666666667	0.274509803921569	0.416666666666667	0.283333333333333	0.293103448275862	0.315789473684211	0.283333333333333	0.30188679245283	0.298245614035088	0.430769230769231	0.412698412698413	0.447761194029851	0.454545454545455	0.446153846153846	0.370967741935484	0.492063492063492	0.430769230769231	0.428571428571429	0.338235294117647	0.288135593220339	0.288135593220339	0.26984126984127	0.321428571428571	0.222222222222222	0.222222222222222
113	0.625	0.727272727272727	0.739130434782609	0.775	0.8	0.761904761904762	0.829268292682927	1	0.731707317073171	0.482142857142857	0.509433962264151	0.619047619047619	0.604651162790698	0.577777777777778	0.541666666666667	0.490566037735849	0.472727272727273	0.508196721311475	0.549019607843137	0.482758620689655	0.568181818181818	0.555555555555556	0.520833333333333	0.608695652173913	0.6	0.761904761904762	0.5	0.5	0.560975609756098	0.5	0.537037037037037	0.568181818181818	0.568181818181818	0.714285714285714	0.625	0.652173913043478	0.652173913043478	0.625	0.666666666666667	0.555555555555556	0.58	0.490566037735849	0.490566037735849	0.697674418604651	0.846153846153846	0.825	0.842105263157895	0.815789473684211	0.338709677419355	0.355932203389831	0.461538461538462	0.444444444444444	0.452830188679245	0.452830188679245	0.462962962962963	0.470588235294118	0.452830188679245	0.489795918367347	0.4	0.384615384615385	0.468085106382979	0.319148936170213	0.291666666666667	0.318181818181818	0.297872340425532	0.3125	0.285714285714286	0.269230769230769	0.408163265306122	0.278688524590164	0.288135593220339	0.310344827586207	0.278688524590164	0.346153846153846	0.339285714285714	0.382352941176471	0.40625	0.4	0.405797101449275	0.397058823529412	0.34375	0.461538461538462	0.382352941176471	0.4	0.314285714285714	0.241935483870968	0.241935483870968	0.227272727272727	0.271186440677966	0.218181818181818	0.218181818181818
118	0.714285714285714	0.577777777777778	0.5625	0.692307692307692	0.675	0.642857142857143	0.627906976744186	0.731707317073171	1	0.56	0.595744680851064	0.75	0.684210526315789	0.65	0.604651162790698	0.541666666666667	0.52	0.426229508196721	0.644444444444444	0.528301886792453	0.641025641025641	0.625	0.581395348837209	0.725	0.675	0.725	0.6	0.564102564102564	0.638888888888889	0.488888888888889	0.418181818181818	0.641025641025641	0.641025641025641	0.634146341463415	0.553191489361702	0.577777777777778	0.577777777777778	0.553191489361702	0.714285714285714	0.625	0.541666666666667	0.541666666666667	0.541666666666667	0.619047619047619	0.717948717948718	0.7	0.710526315789474	0.684210526315789	0.21875	0.229508196721311	0.448979591836735	0.431372549019608	0.44	0.44	0.450980392156863	0.458333333333333	0.44	0.478260869565217	0.318181818181818	0.456521739130435	0.560975609756098	0.325581395348837	0.325581395348837	0.358974358974359	0.333333333333333	0.318181818181818	0.318181818181818	0.297872340425532	0.454545454545455	0.303571428571429	0.314814814814815	0.339622641509434	0.303571428571429	0.382978723404255	0.372549019607843	0.271428571428571	0.287878787878788	0.291666666666667	0.295774647887324	0.285714285714286	0.227272727272727	0.363636363636364	0.271428571428571	0.283582089552239	0.208333333333333	0.263157894736842	0.263157894736842	0.245901639344262	0.296296296296296	0.24	0.24
119	0.565217391304348	0.509090909090909	0.553571428571429	0.529411764705882	0.519230769230769	0.557692307692308	0.518518518518518	0.482142857142857	0.56	1	0.851063829787234	0.630434782608696	0.652173913043478	0.625	0.557692307692308	0.829787234042553	0.725490196078431	0.546875	0.622641509433962	0.722222222222222	0.583333333333333	0.604166666666667	0.568627450980392	0.62	0.58	0.446428571428571	0.490196078431373	0.489795918367347	0.51063829787234	0.385964912280702	0.304347826086957	0.52	0.52	0.519230769230769	0.46551724137931	0.482142857142857	0.482142857142857	0.46551724137931	0.531914893617021	0.480769230769231	0.482758620689655	0.535714285714286	0.535714285714286	0.538461538461538	0.549019607843137	0.568627450980392	0.480769230769231	0.490196078431373	0.363636363636364	0.380952380952381	0.383333333333333	0.370967741935484	0.354838709677419	0.354838709677419	0.433333333333333	0.366666666666667	0.354838709677419	0.403508771929825	0.272727272727273	0.362068965517241	0.433962264150943	0.254545454545455	0.254545454545455	0.274509803921569	0.283018867924528	0.272727272727273	0.272727272727273	0.23728813559322	0.333333333333333	0.416666666666667	0.431034482758621	0.482142857142857	0.416666666666667	0.4	0.389830508474576	0.294871794871795	0.293333333333333	0.346153846153846	0.333333333333333	0.307692307692308	0.207792207792208	0.307692307692308	0.294871794871795	0.256410256410256	0.269230769230769	0.3125	0.3125	0.313432835820896	0.344262295081967	0.193548387096774	0.193548387096774
120	0.568181818181818	0.538461538461538	0.584905660377358	0.5625	0.551020408163265	0.591836734693878	0.549019607843137	0.509433962264151	0.595744680851064	0.851063829787234	1	0.674418604651163	0.659090909090909	0.630434782608696	0.56	0.765957446808511	0.666666666666667	0.548387096774194	0.66	0.666666666666667	0.622222222222222	0.541666666666667	0.509803921568627	0.659574468085106	0.617021276595745	0.471698113207547	0.489795918367347	0.521739130434783	0.511111111111111	0.407407407407407	0.318181818181818	0.520833333333333	0.520833333333333	0.551020408163265	0.490909090909091	0.509433962264151	0.509433962264151	0.490909090909091	0.568181818181818	0.510204081632653	0.482142857142857	0.482142857142857	0.482142857142857	0.54	0.583333333333333	0.571428571428571	0.510204081632653	0.520833333333333	0.338461538461538	0.354838709677419	0.379310344827586	0.366666666666667	0.372881355932203	0.372881355932203	0.383333333333333	0.385964912280702	0.372881355932203	0.4	0.264150943396226	0.357142857142857	0.431372549019608	0.269230769230769	0.269230769230769	0.291666666666667	0.274509803921569	0.264150943396226	0.264150943396226	0.25	0.351851851851852	0.389830508474576	0.403508771929825	0.428571428571429	0.389830508474576	0.423076923076923	0.410714285714286	0.256410256410256	0.253333333333333	0.275	0.278481012658228	0.269230769230769	0.2	0.302631578947368	0.256410256410256	0.25	0.263157894736842	0.246153846153846	0.246153846153846	0.231884057971014	0.274193548387097	0.203389830508475	0.203389830508475
122	0.78125	0.7	0.636363636363636	0.702702702702703	0.684210526315789	0.736842105263158	0.634146341463415	0.619047619047619	0.75	0.630434782608696	0.674418604651163	1	0.90625	0.852941176470588	0.736842105263158	0.69047619047619	0.622222222222222	0.5	0.69047619047619	0.591836734693878	0.742857142857143	0.675675675675676	0.625	0.833333333333333	0.882352941176471	0.609756097560976	0.564102564102564	0.705882352941177	0.696969696969697	0.523809523809524	0.388888888888889	0.694444444444444	0.694444444444444	0.684210526315789	0.590909090909091	0.619047619047619	0.619047619047619	0.590909090909091	0.78125	0.675675675675676	0.577777777777778	0.577777777777778	0.577777777777778	0.666666666666667	0.684210526315789	0.666666666666667	0.675675675675676	0.694444444444444	0.25	0.263157894736842	0.478260869565217	0.458333333333333	0.468085106382979	0.468085106382979	0.479166666666667	0.488888888888889	0.468085106382979	0.511627906976744	0.341463414634146	0.488372093023256	0.605263157894737	0.35	0.35	0.388888888888889	0.358974358974359	0.341463414634146	0.341463414634146	0.318181818181818	0.48780487804878	0.372549019607843	0.387755102040816	0.416666666666667	0.372549019607843	0.409090909090909	0.395833333333333	0.264705882352941	0.28125	0.285714285714286	0.289855072463768	0.279411764705882	0.21875	0.359375	0.264705882352941	0.276923076923077	0.235294117647059	0.277777777777778	0.277777777777778	0.258620689655172	0.313725490196078	0.25531914893617	0.25531914893617
123	0.8125	0.682926829268293	0.622222222222222	0.684210526315789	0.666666666666667	0.717948717948718	0.619047619047619	0.604651162790698	0.684210526315789	0.652173913043478	0.659090909090909	0.90625	1	0.882352941176471	0.810810810810811	0.75609756097561	0.681818181818182	0.491228070175439	0.636363636363636	0.58	0.722222222222222	0.75	0.65	0.763157894736842	0.805555555555556	0.595238095238095	0.58974358974359	0.685714285714286	0.78125	0.511627906976744	0.407407407407407	0.722222222222222	0.722222222222222	0.666666666666667	0.577777777777778	0.604651162790698	0.604651162790698	0.577777777777778	0.757575757575758	0.657894736842105	0.565217391304348	0.636363636363636	0.6	0.692307692307692	0.666666666666667	0.692307692307692	0.657894736842105	0.675675675675676	0.245901639344262	0.258620689655172	0.5	0.479166666666667	0.458333333333333	0.458333333333333	0.531914893617021	0.478260869565217	0.458333333333333	0.534883720930233	0.365853658536585	0.477272727272727	0.58974358974359	0.341463414634146	0.341463414634146	0.378378378378378	0.384615384615385	0.365853658536585	0.365853658536585	0.311111111111111	0.441860465116279	0.339622641509434	0.352941176470588	0.408163265306122	0.339622641509434	0.369565217391304	0.36	0.279411764705882	0.296875	0.318840579710145	0.304347826086957	0.27536231884058	0.215384615384615	0.333333333333333	0.279411764705882	0.272727272727273	0.231884057971014	0.296296296296296	0.296296296296296	0.275862068965517	0.333333333333333	0.25	0.25
124	0.764705882352941	0.651162790697674	0.595744680851064	0.65	0.634146341463415	0.682926829268293	0.590909090909091	0.577777777777778	0.65	0.625	0.630434782608696	0.852941176470588	0.882352941176471	1	0.725	0.681818181818182	0.617021276595745	0.526315789473684	0.608695652173913	0.62	0.684210526315789	0.666666666666667	0.743589743589744	0.725	0.763157894736842	0.568181818181818	0.641025641025641	0.694444444444444	0.685714285714286	0.558139534883721	0.418181818181818	0.72972972972973	0.684210526315789	0.634146341463415	0.553191489361702	0.577777777777778	0.577777777777778	0.553191489361702	0.714285714285714	0.666666666666667	0.608695652173913	0.644444444444444	0.681818181818182	0.658536585365854	0.634146341463415	0.658536585365854	0.625	0.641025641025641	0.278688524590164	0.293103448275862	0.51063829787234	0.489795918367347	0.5	0.5	0.510204081632653	0.48936170212766	0.469387755102041	0.545454545454545	0.348837209302326	0.522727272727273	0.560975609756098	0.357142857142857	0.357142857142857	0.394736842105263	0.4	0.380952380952381	0.380952380952381	0.326086956521739	0.454545454545455	0.327272727272727	0.339622641509434	0.392156862745098	0.327272727272727	0.354166666666667	0.346153846153846	0.271428571428571	0.287878787878788	0.309859154929577	0.295774647887324	0.304347826086957	0.227272727272727	0.343283582089552	0.271428571428571	0.283582089552239	0.242857142857143	0.309090909090909	0.309090909090909	0.288135593220339	0.346153846153846	0.24	0.24
125	0.702702702702703	0.720930232558139	0.625	0.604651162790698	0.590909090909091	0.636363636363636	0.553191489361702	0.541666666666667	0.604651162790698	0.557692307692308	0.56	0.736842105263158	0.810810810810811	0.725	1	0.638297872340426	0.717391304347826	0.5	0.638297872340426	0.5	0.595238095238095	0.658536585365854	0.577777777777778	0.636363636363636	0.666666666666667	0.531914893617021	0.522727272727273	0.560975609756098	0.675675675675676	0.458333333333333	0.472727272727273	0.634146341463415	0.634146341463415	0.590909090909091	0.52	0.541666666666667	0.541666666666667	0.52	0.657894736842105	0.581395348837209	0.509803921568627	0.604166666666667	0.571428571428571	0.613636363636364	0.590909090909091	0.613636363636364	0.581395348837209	0.595238095238095	0.285714285714286	0.3	0.450980392156863	0.490196078431373	0.415094339622642	0.415094339622642	0.480769230769231	0.431372549019608	0.415094339622642	0.51063829787234	0.326086956521739	0.458333333333333	0.522727272727273	0.304347826086957	0.304347826086957	0.333333333333333	0.340909090909091	0.326086956521739	0.326086956521739	0.28	0.395833333333333	0.288135593220339	0.298245614035088	0.345454545454545	0.288135593220339	0.307692307692308	0.303571428571429	0.333333333333333	0.353846153846154	0.371428571428571	0.357142857142857	0.328571428571429	0.272727272727273	0.388059701492537	0.333333333333333	0.328358208955224	0.285714285714286	0.271186440677966	0.271186440677966	0.253968253968254	0.303571428571429	0.226415094339623	0.226415094339623
139	0.619047619047619	0.549019607843137	0.566037735849057	0.541666666666667	0.530612244897959	0.571428571428571	0.56	0.490566037735849	0.541666666666667	0.829787234042553	0.765957446808511	0.69047619047619	0.75609756097561	0.681818181818182	0.638297872340426	1	0.866666666666667	0.610169491525424	0.607843137254902	0.648148148148148	0.674418604651163	0.738095238095238	0.652173913043478	0.604166666666667	0.630434782608696	0.509803921568627	0.469387755102041	0.568181818181818	0.595238095238095	0.415094339622642	0.34375	0.565217391304348	0.565217391304348	0.595744680851064	0.528301886792453	0.549019607843137	0.549019607843137	0.528301886792453	0.581395348837209	0.520833333333333	0.547169811320755	0.64	0.607843137254902	0.617021276595745	0.530612244897959	0.551020408163265	0.520833333333333	0.531914893617021	0.34375	0.360655737704918	0.410714285714286	0.396551724137931	0.379310344827586	0.379310344827586	0.490909090909091	0.392857142857143	0.379310344827586	0.433962264150943	0.294117647058824	0.388888888888889	0.469387755102041	0.274509803921569	0.274509803921569	0.297872340425532	0.306122448979592	0.294117647058824	0.294117647058824	0.254545454545455	0.358490566037736	0.396551724137931	0.410714285714286	0.462962962962963	0.396551724137931	0.377358490566038	0.368421052631579	0.293333333333333	0.291666666666667	0.328947368421053	0.315789473684211	0.289473684210526	0.202702702702703	0.306666666666667	0.293333333333333	0.253333333333333	0.266666666666667	0.333333333333333	0.333333333333333	0.3125	0.368421052631579	0.206896551724138	0.206896551724138
141	0.590909090909091	0.588235294117647	0.60377358490566	0.52	0.509803921568627	0.549019607843137	0.538461538461538	0.472727272727273	0.52	0.725490196078431	0.666666666666667	0.622222222222222	0.681818181818182	0.617021276595745	0.717391304347826	0.866666666666667	1	0.672413793103448	0.615384615384615	0.568965517241379	0.608695652173913	0.704545454545455	0.625	0.549019607843137	0.571428571428571	0.490566037735849	0.450980392156863	0.51063829787234	0.568181818181818	0.4	0.375	0.541666666666667	0.541666666666667	0.571428571428571	0.509090909090909	0.528301886792453	0.528301886792453	0.509090909090909	0.555555555555556	0.5	0.527272727272727	0.615384615384615	0.584905660377358	0.591836734693878	0.509803921568627	0.529411764705882	0.5	0.510204081632653	0.375	0.39344262295082	0.396551724137931	0.406779661016949	0.366666666666667	0.366666666666667	0.473684210526316	0.379310344827586	0.366666666666667	0.418181818181818	0.283018867924528	0.4	0.450980392156863	0.264150943396226	0.264150943396226	0.285714285714286	0.294117647058824	0.283018867924528	0.283018867924528	0.245614035087719	0.345454545454545	0.338709677419355	0.35	0.396551724137931	0.338709677419355	0.315789473684211	0.311475409836066	0.32	0.319444444444444	0.355263157894737	0.342105263157895	0.315789473684211	0.22972972972973	0.333333333333333	0.32	0.28	0.276315789473684	0.32258064516129	0.32258064516129	0.303030303030303	0.355932203389831	0.2	0.2
142	0.446428571428571	0.614035087719298	0.655172413793103	0.474576271186441	0.491525423728814	0.525423728813559	0.596491228070175	0.508196721311475	0.426229508196721	0.546875	0.548387096774194	0.5	0.491228070175439	0.526315789473684	0.5	0.610169491525424	0.672413793103448	1	0.507936507936508	0.522388059701492	0.491228070175439	0.482758620689655	0.53448275862069	0.451612903225806	0.466666666666667	0.5	0.416666666666667	0.43859649122807	0.403508771929825	0.517241379310345	0.523076923076923	0.491228070175439	0.416666666666667	0.571428571428571	0.516129032258065	0.533333333333333	0.533333333333333	0.516129032258065	0.446428571428571	0.482758620689655	0.727272727272727	0.557377049180328	0.557377049180328	0.56140350877193	0.517241379310345	0.508474576271186	0.482758620689655	0.491228070175439	0.546875	0.523809523809524	0.46031746031746	0.446153846153846	0.476190476190476	0.476190476190476	0.484375	0.467741935483871	0.453125	0.483333333333333	0.253968253968254	0.353846153846154	0.39344262295082	0.322033898305085	0.3	0.321428571428571	0.283333333333333	0.316666666666667	0.295081967213115	0.28125	0.416666666666667	0.27027027027027	0.277777777777778	0.295774647887324	0.27027027027027	0.264705882352941	0.263888888888889	0.486486486486487	0.432432432432432	0.5	0.506666666666667	0.5	0.436619718309859	0.541666666666667	0.486486486486487	0.486111111111111	0.479452054794521	0.273972602739726	0.273972602739726	0.25974025974026	0.3	0.220588235294118	0.220588235294118
144	0.581395348837209	0.645833333333333	0.729166666666667	0.644444444444444	0.630434782608696	0.673913043478261	0.56	0.549019607843137	0.644444444444444	0.622641509433962	0.66	0.69047619047619	0.636363636363636	0.608695652173913	0.638297872340426	0.607843137254902	0.615384615384615	0.507936507936508	1	0.679245283018868	0.531914893617021	0.520833333333333	0.490196078431373	0.833333333333333	0.785714285714286	0.509803921568627	0.5	0.5	0.522727272727273	0.442307692307692	0.365079365079365	0.531914893617021	0.531914893617021	0.5625	0.5	0.519230769230769	0.519230769230769	0.5	0.658536585365854	0.520833333333333	0.464285714285714	0.464285714285714	0.464285714285714	0.551020408163265	0.630434782608696	0.617021276595745	0.553191489361702	0.565217391304348	0.323076923076923	0.338709677419355	0.462962962962963	0.446428571428571	0.403508771929825	0.403508771929825	0.413793103448276	0.418181818181818	0.403508771929825	0.433962264150943	0.375	0.442307692307692	0.531914893617021	0.274509803921569	0.3	0.326086956521739	0.333333333333333	0.32	0.346938775510204	0.326923076923077	0.411764705882353	0.421052631578947	0.436363636363636	0.462962962962963	0.421052631578947	0.46	0.444444444444444	0.347222222222222	0.367647058823529	0.364864864864865	0.36986301369863	0.361111111111111	0.308823529411765	0.441176470588235	0.347222222222222	0.36231884057971	0.397058823529412	0.290322580645161	0.290322580645161	0.272727272727273	0.322033898305085	0.272727272727273	0.272727272727273
145	0.5	0.508771929824561	0.578947368421053	0.557692307692308	0.547169811320755	0.584905660377358	0.517857142857143	0.482758620689655	0.528301886792453	0.722222222222222	0.666666666666667	0.591836734693878	0.58	0.62	0.5	0.648148148148148	0.568965517241379	0.522388059701492	0.679245283018868	1	0.549019607843137	0.538461538461538	0.596153846153846	0.647058823529412	0.607843137254902	0.448275862068966	0.490566037735849	0.52	0.450980392156863	0.43859649122807	0.328571428571429	0.490566037735849	0.462962962962963	0.518518518518518	0.466666666666667	0.482758620689655	0.482758620689655	0.466666666666667	0.5625	0.481481481481481	0.53448275862069	0.56140350877193	0.56140350877193	0.509090909090909	0.547169811320755	0.537037037037037	0.481481481481481	0.490566037735849	0.328571428571429	0.343283582089552	0.387096774193548	0.375	0.426229508196721	0.426229508196721	0.435483870967742	0.39344262295082	0.380952380952381	0.406779661016949	0.280701754385965	0.344262295081967	0.385964912280702	0.263157894736842	0.285714285714286	0.307692307692308	0.267857142857143	0.258620689655172	0.280701754385965	0.266666666666667	0.338983050847458	0.442622950819672	0.457627118644068	0.482758620689655	0.442622950819672	0.428571428571429	0.416666666666667	0.350649350649351	0.333333333333333	0.384615384615385	0.38961038961039	0.363636363636364	0.263157894736842	0.363636363636364	0.350649350649351	0.311688311688312	0.342105263157895	0.318181818181818	0.318181818181818	0.338235294117647	0.349206349206349	0.203125	0.203125
157	0.757575757575758	0.568181818181818	0.520833333333333	0.641025641025641	0.625	0.595238095238095	0.658536585365854	0.568181818181818	0.641025641025641	0.583333333333333	0.622222222222222	0.742857142857143	0.722222222222222	0.684210526315789	0.595238095238095	0.674418604651163	0.608695652173913	0.491228070175439	0.531914893617021	0.549019607843137	1	0.852941176470588	0.783783783783784	0.634146341463415	0.666666666666667	0.595238095238095	0.51219512195122	0.638888888888889	0.676470588235294	0.511627906976744	0.381818181818182	0.675675675675676	0.675675675675676	0.710526315789474	0.613636363636364	0.642857142857143	0.642857142857143	0.613636363636364	0.757575757575758	0.657894736842105	0.636363636363636	0.636363636363636	0.636363636363636	0.692307692307692	0.625	0.609756097560976	0.657894736842105	0.675675675675676	0.225806451612903	0.23728813559322	0.468085106382979	0.448979591836735	0.458333333333333	0.458333333333333	0.5	0.478260869565217	0.458333333333333	0.5	0.333333333333333	0.444444444444444	0.55	0.341463414634146	0.341463414634146	0.378378378378378	0.35	0.333333333333333	0.333333333333333	0.311111111111111	0.441860465116279	0.339622641509434	0.352941176470588	0.38	0.339622641509434	0.340425531914894	0.333333333333333	0.279411764705882	0.276923076923077	0.3	0.304347826086957	0.294117647058824	0.234375	0.333333333333333	0.279411764705882	0.272727272727273	0.214285714285714	0.320754716981132	0.320754716981132	0.298245614035088	0.36	0.224489795918367	0.224489795918367
158	0.787878787878788	0.555555555555556	0.510204081632653	0.625	0.609756097560976	0.581395348837209	0.642857142857143	0.555555555555556	0.625	0.604166666666667	0.541666666666667	0.675675675675676	0.75	0.666666666666667	0.658536585365854	0.738095238095238	0.704545454545455	0.482758620689655	0.520833333333333	0.538461538461538	0.852941176470588	1	0.861111111111111	0.581395348837209	0.609756097560976	0.581395348837209	0.536585365853659	0.578947368421053	0.757575757575758	0.5	0.4	0.702702702702703	0.702702702702703	0.692307692307692	0.6	0.627906976744186	0.627906976744186	0.6	0.735294117647059	0.641025641025641	0.622222222222222	0.738095238095238	0.697674418604651	0.717948717948718	0.609756097560976	0.634146341463415	0.641025641025641	0.657894736842105	0.241935483870968	0.254237288135593	0.48936170212766	0.469387755102041	0.448979591836735	0.448979591836735	0.58695652173913	0.468085106382979	0.448979591836735	0.522727272727273	0.357142857142857	0.466666666666667	0.575	0.333333333333333	0.333333333333333	0.368421052631579	0.375	0.357142857142857	0.357142857142857	0.304347826086957	0.431818181818182	0.333333333333333	0.346153846153846	0.4	0.333333333333333	0.306122448979592	0.30188679245283	0.313432835820896	0.3125	0.352941176470588	0.338235294117647	0.308823529411765	0.230769230769231	0.328358208955224	0.313432835820896	0.26865671641791	0.211267605633803	0.365384615384615	0.365384615384615	0.339285714285714	0.408163265306122	0.22	0.22
159	0.722222222222222	0.520833333333333	0.480769230769231	0.581395348837209	0.568181818181818	0.543478260869565	0.6	0.520833333333333	0.581395348837209	0.568627450980392	0.509803921568627	0.625	0.65	0.743589743589744	0.577777777777778	0.652173913043478	0.625	0.53448275862069	0.490196078431373	0.596153846153846	0.783783783783784	0.861111111111111	1	0.543478260869565	0.568181818181818	0.543478260869565	0.571428571428571	0.575	0.648648648648649	0.533333333333333	0.403508771929825	0.692307692307692	0.65	0.642857142857143	0.5625	0.58695652173913	0.58695652173913	0.5625	0.675675675675676	0.634146341463415	0.688888888888889	0.767441860465116	0.80952380952381	0.666666666666667	0.568181818181818	0.590909090909091	0.595238095238095	0.609756097560976	0.290322580645161	0.305084745762712	0.489795918367347	0.470588235294118	0.48	0.48	0.551020408163265	0.469387755102041	0.450980392156863	0.521739130434783	0.333333333333333	0.5	0.534883720930233	0.340909090909091	0.340909090909091	0.375	0.380952380952381	0.363636363636364	0.363636363636364	0.3125	0.434782608695652	0.315789473684211	0.327272727272727	0.377358490566038	0.315789473684211	0.288461538461538	0.285714285714286	0.318840579710145	0.298507462686567	0.357142857142857	0.342857142857143	0.352941176470588	0.257575757575758	0.352941176470588	0.318840579710145	0.294117647058824	0.236111111111111	0.39622641509434	0.39622641509434	0.368421052631579	0.44	0.207547169811321	0.207547169811321
169	0.657894736842105	0.644444444444444	0.625	0.725	0.707317073170732	0.75609756097561	0.622222222222222	0.608695652173913	0.725	0.62	0.659574468085106	0.833333333333333	0.763157894736842	0.725	0.636363636363636	0.604166666666667	0.549019607843137	0.451612903225806	0.833333333333333	0.647058823529412	0.634146341463415	0.581395348837209	0.543478260869565	1	0.944444444444444	0.565217391304348	0.558139534883721	0.6	0.58974358974359	0.48936170212766	0.35	0.595238095238095	0.595238095238095	0.627906976744186	0.551020408163265	0.574468085106383	0.574468085106383	0.551020408163265	0.75	0.581395348837209	0.509803921568627	0.509803921568627	0.509803921568627	0.613636363636364	0.707317073170732	0.69047619047619	0.619047619047619	0.634146341463415	0.265625	0.278688524590164	0.510204081632653	0.490196078431373	0.442307692307692	0.442307692307692	0.452830188679245	0.46	0.442307692307692	0.479166666666667	0.418604651162791	0.48936170212766	0.595238095238095	0.304347826086957	0.333333333333333	0.365853658536585	0.372093023255814	0.355555555555556	0.386363636363636	0.361702127659574	0.456521739130435	0.381818181818182	0.39622641509434	0.423076923076923	0.381818181818182	0.416666666666667	0.403846153846154	0.333333333333333	0.353846153846154	0.352112676056338	0.357142857142857	0.347826086956522	0.292307692307692	0.430769230769231	0.333333333333333	0.348484848484849	0.304347826086957	0.315789473684211	0.315789473684211	0.295081967213115	0.351851851851852	0.3	0.3
170	0.694444444444444	0.674418604651163	0.617021276595745	0.717948717948718	0.7	0.75	0.613636363636364	0.6	0.675	0.58	0.617021276595745	0.882352941176471	0.805555555555556	0.763157894736842	0.666666666666667	0.630434782608696	0.571428571428571	0.466666666666667	0.785714285714286	0.607843137254902	0.666666666666667	0.609756097560976	0.568181818181818	0.944444444444444	1	0.590909090909091	0.511627906976744	0.631578947368421	0.621621621621622	0.511111111111111	0.362068965517241	0.625	0.625	0.658536585365854	0.574468085106383	0.6	0.6	0.574468085106383	0.794117647058823	0.609756097560976	0.530612244897959	0.530612244897959	0.530612244897959	0.642857142857143	0.658536585365854	0.642857142857143	0.65	0.666666666666667	0.274193548387097	0.288135593220339	0.531914893617021	0.510204081632653	0.46	0.46	0.470588235294118	0.479166666666667	0.46	0.5	0.439024390243902	0.511111111111111	0.625	0.318181818181818	0.348837209302326	0.384615384615385	0.390243902439024	0.372093023255814	0.404761904761905	0.377777777777778	0.477272727272727	0.39622641509434	0.411764705882353	0.44	0.39622641509434	0.434782608695652	0.42	0.323529411764706	0.34375	0.342857142857143	0.347826086956522	0.338235294117647	0.28125	0.421875	0.323529411764706	0.338461538461538	0.294117647058824	0.327272727272727	0.327272727272727	0.305084745762712	0.365384615384615	0.3125	0.3125
172	0.615384615384615	0.644444444444444	0.591836734693878	0.642857142857143	0.627906976744186	0.6	0.738095238095238	0.761904761904762	0.725	0.446428571428571	0.471698113207547	0.609756097560976	0.595238095238095	0.568181818181818	0.531914893617021	0.509803921568627	0.490566037735849	0.5	0.509803921568627	0.448275862068966	0.595238095238095	0.581395348837209	0.543478260869565	0.565217391304348	0.590909090909091	1	0.456521739130435	0.523809523809524	0.58974358974359	0.48936170212766	0.472727272727273	0.558139534883721	0.558139534883721	0.842105263157895	0.727272727272727	0.761904761904762	0.761904761904762	0.727272727272727	0.657894736842105	0.545454545454545	0.673913043478261	0.509803921568627	0.509803921568627	0.82051282051282	0.707317073170732	0.69047619047619	0.789473684210526	0.763157894736842	0.285714285714286	0.3	0.450980392156863	0.433962264150943	0.442307692307692	0.442307692307692	0.480769230769231	0.46	0.442307692307692	0.479166666666667	0.355555555555556	0.4	0.488888888888889	0.333333333333333	0.304347826086957	0.333333333333333	0.311111111111111	0.326086956521739	0.297872340425532	0.28	0.425531914893617	0.310344827586207	0.321428571428571	0.345454545454545	0.310344827586207	0.36	0.351851851851852	0.333333333333333	0.333333333333333	0.333333333333333	0.338028169014085	0.347826086956522	0.292307692307692	0.409090909090909	0.333333333333333	0.369230769230769	0.267605633802817	0.271186440677966	0.271186440677966	0.253968253968254	0.303571428571429	0.25	0.25
